  0.850347885857E-17  0.130565696213E-01  0.111933747074E-01 -0.885182864473E-02 -0.687715360507E-02  0.756156320731E-02
 -0.130565696213E-01 -0.111715993990E-15  0.878153839444E-02 -0.134195211527E-01  0.674849672465E-02 -0.161174736068E-02
 -0.111933747074E-01 -0.878153839444E-02 -0.339350425869E-15 -0.350971510973E-02  0.282688358544E-02 -0.100342435889E-02
  0.885182864473E-02  0.134195211527E-01  0.350971510973E-02  0.264901852268E-16 -0.536790599905E-03 -0.103643233526E-02
  0.687715360507E-02 -0.674849672465E-02 -0.282688358544E-02  0.536790599905E-03 -0.144682379420E-16  0.939526236568E-03
 -0.756156320731E-02  0.161174736068E-02  0.100342435889E-02  0.103643233526E-02 -0.939526236568E-03  0.110429688764E-16
