  0.474446515164     -0.959879997535E-01 -0.621975039968E-01  0.447563446299E-01 -0.188460161536E-01  0.114387920258E-01
 -0.959879997535E-01  0.298438855962     -0.119823282502E-01 -0.750255237170E-01  0.211842915999E-01  0.456908342051E-03
 -0.621975039968E-01 -0.119823282502E-01  0.118305619115     -0.554788990804E-01 -0.449378603584E-02  0.932502869009E-02
  0.447563446299E-01 -0.750255237170E-01 -0.554788990804E-01  0.819171641069E-01 -0.299406004920E-01  0.179431864830E-02
 -0.188460161536E-01  0.211842915999E-01 -0.449378603584E-02 -0.299406004920E-01  0.237196143137E-01 -0.665597089402E-02
  0.114387920258E-01  0.456908342051E-03  0.932502869009E-02  0.179431864830E-02 -0.665597089402E-02  0.317223133752E-02
