  0.587287559917E-17 -0.164677604813E-02  0.188892786282E-01 -0.105587253961E-02 -0.297963672682E-02  0.141305959370E-02
  0.164677604813E-02 -0.361174261655E-16  0.404589771184E-01 -0.458000259152E-01  0.861193233593E-02  0.450141337873E-02
 -0.188892786282E-01 -0.404589771184E-01 -0.490468577171E-16 -0.950376864047E-02  0.134205221491E-01 -0.540641635910E-02
  0.105587253961E-02  0.458000259152E-01  0.950376864047E-02  0.709156051679E-16 -0.946611837038E-02  0.398849535484E-02
  0.297963672682E-02 -0.861193233593E-02 -0.134205221491E-01  0.946611837038E-02  0.116223247000E-16 -0.117246458327E-02
 -0.141305959370E-02 -0.450141337873E-02  0.540641635910E-02 -0.398849535484E-02  0.117246458327E-02  0.255452383943E-19
