  0.487247194181     -0.159919889929     -0.544581295121E-01  0.244244381688E-01  0.107128007965E-01 -0.157442505479E-01
 -0.159919889929      0.273317394195     -0.983441304238E-01 -0.529622102754E-01  0.518422124726E-01 -0.463315889897E-02
 -0.544581295121E-01 -0.983441304238E-01  0.153382689613     -0.236325555599E-01 -0.413164712031E-01  0.177064397185E-01
  0.244244381688E-01 -0.529622102754E-01 -0.236325555599E-01  0.457282472571E-01 -0.150097144332E-01 -0.178748822644E-02
  0.107128007965E-01  0.518422124726E-01 -0.413164712031E-01 -0.150097144332E-01  0.319981793059E-01 -0.128429171998E-01
 -0.157442505479E-01 -0.463315889897E-02  0.177064397185E-01 -0.178748822644E-02 -0.128429171998E-01  0.832629544760E-02
