  0.259923444950     -0.103105720314     -0.258945693050E-01  0.448141703667E-01 -0.122185821295E-01 -0.579928475398E-03
 -0.103105720314      0.222517874681     -0.165931601159      0.248764635924E-01  0.297643329758E-01 -0.179225354170E-01
 -0.258945693050E-01 -0.165931601159      0.220810249248     -0.696980594315E-01 -0.258830341114E-01  0.213622896918E-01
  0.448141703667E-01  0.248764635924E-01 -0.696980594315E-01  0.119519332277     -0.102344801625      0.532088138750E-01
 -0.122185821295E-01  0.297643329758E-01 -0.258830341114E-01 -0.102344801625      0.134757416389     -0.752152740864E-01
 -0.579928475398E-03 -0.179225354170E-01  0.213622896918E-01  0.532088138750E-01 -0.752152740864E-01  0.424716824549E-01
