  0.428297663454E-16 -0.545573845716E-02  0.257567109602E-01 -0.840872986588E-02 -0.969090943276E-02  0.541729685747E-02
  0.545573845716E-02  0.210126519340E-17 -0.639058810560E-02 -0.152543896122E-01  0.646781724532E-02  0.539741108363E-02
 -0.257567109602E-01  0.639058810560E-02 -0.216936459091E-16  0.142324308157E-01  0.233756024019E-02 -0.888665528381E-02
  0.840872986588E-02  0.152543896122E-01 -0.142324308157E-01 -0.377430174301E-16 -0.165550471605E-02  0.187855880243E-02
  0.969090943276E-02 -0.646781724532E-02 -0.233756024019E-02  0.165550471605E-02 -0.207365732955E-17 -0.226708305344E-02
 -0.541729685747E-02 -0.539741108363E-02  0.888665528381E-02 -0.187855880243E-02  0.226708305344E-02  0.146643770176E-16
