  0.480902266651E-17  0.146647316509E-01  0.538571800389E-02  0.194758098219E-03  0.966413718868E-03  0.116275685082E-02
 -0.146647316509E-01  0.255300847023E-16  0.771096460150E-02 -0.274202539388E-02 -0.833407788970E-02  0.608538979522E-02
 -0.538571800389E-02 -0.771096460150E-02 -0.105547195816E-16  0.140377228921E-01 -0.548888579377E-02  0.397228605375E-02
 -0.194758098219E-03  0.274202539388E-02 -0.140377228921E-01  0.100521138872E-16  0.561403630881E-03 -0.197834829014E-02
 -0.966413718868E-03  0.833407788970E-02  0.548888579377E-02 -0.561403630881E-03  0.107660424304E-17 -0.227146873352E-02
 -0.116275685082E-02 -0.608538979522E-02 -0.397228605375E-02  0.197834829014E-02  0.227146873352E-02  0.172627921728E-17
