  0.990362629638     -0.702073570861E-01  0.109454622769E-01  0.690345787128E-03 -0.401347790067E-02  0.501379137584E-03
 -0.702073570861E-01  0.919794899945E-02 -0.102777832036E-02  0.224793354791E-03  0.332549129806E-03 -0.141656660606E-03
  0.109454622769E-01 -0.102777832036E-02  0.292047139533E-03  0.763348207371E-05 -0.425096703577E-04  0.529596500302E-05
  0.690345787128E-03  0.224793354791E-03  0.763348207371E-05  0.119638931621E-03  0.620395465978E-05 -0.341370687018E-04
 -0.401347790067E-02  0.332549129806E-03 -0.425096703577E-04  0.620395465978E-05  0.172590001650E-04 -0.489542369806E-05
  0.501379137584E-03 -0.141656660606E-03  0.529596500302E-05 -0.341370687018E-04 -0.489542369806E-05  0.104762912617E-04
