  0.389167266454     -0.112755034333     -0.640003417104E-01  0.528804874244E-01 -0.240803137335E-01  0.281829200638E-03
 -0.112755034333      0.215951010808     -0.159839467709      0.591224922415E-01 -0.158076211087E-01  0.190357288579E-02
 -0.640003417104E-01 -0.159839467709      0.262817093384     -0.133661530833      0.424270240684E-01 -0.668937494096E-02
  0.528804874244E-01  0.591224922415E-01 -0.133661530833      0.100790576830     -0.428856619190E-01  0.730850024682E-02
 -0.240803137335E-01 -0.158076211087E-01  0.424270240684E-01 -0.428856619190E-01  0.266593366566E-01 -0.802035634993E-02
  0.281829200638E-03  0.190357288579E-02 -0.668937494096E-02  0.730850024682E-02 -0.802035634993E-02  0.461471586766E-02
