  0.368888300088     -0.132450569783     -0.402210690983E-01 -0.190321892280E-01  0.441649740377E-01 -0.780651183995E-02
 -0.132450569783      0.283595975784     -0.949388933641E-01 -0.573694660875E-01  0.476234061800E-01 -0.113027937553E-01
 -0.402210690983E-01 -0.949388933641E-01  0.167768244301     -0.502059464923E-01 -0.369610707183E-01  0.337066594357E-01
 -0.190321892280E-01 -0.573694660875E-01 -0.502059464923E-01  0.107225887167     -0.496142745968E-01 -0.545660936554E-02
  0.441649740377E-01  0.476234061800E-01 -0.369610707183E-01 -0.496142745968E-01  0.598880037306E-01 -0.180237896756E-01
 -0.780651183995E-02 -0.113027937553E-01  0.337066594357E-01 -0.545660936554E-02 -0.180237896756E-01  0.126335889296E-01
