 -0.102230407757E-16  0.224415147174E-01 -0.164290579331E-01 -0.366129222782E-02  0.636985696954E-02 -0.115736881414E-02
 -0.224415147174E-01  0.153516746238E-17 -0.521437816135E-02  0.162568695887E-01 -0.109752709807E-01  0.381312720643E-02
  0.164290579331E-01  0.521437816135E-02 -0.652602894780E-16  0.475935456260E-02 -0.947260388126E-02  0.254365353177E-02
  0.366129222782E-02 -0.162568695887E-01 -0.475935456260E-02  0.133276026211E-16  0.556254801494E-02 -0.126410490823E-02
 -0.636985696954E-02  0.109752709807E-01  0.947260388126E-02 -0.556254801494E-02 -0.346102621700E-16 -0.223880554820E-03
  0.115736881414E-02 -0.381312720643E-02 -0.254365353177E-02  0.126410490823E-02  0.223880554820E-03 -0.562240221408E-17
