 -0.792721008513E-18  0.669412219664E-02 -0.680884123066E-02  0.154168658243E-02 -0.146924009762E-02  0.567210867033E-03
 -0.669412219664E-02 -0.135377925655E-17  0.297965756744E-02 -0.765487064610E-03  0.821184522596E-03 -0.362668377400E-03
  0.680884123066E-02 -0.297965756744E-02 -0.259715672881E-18  0.895012304711E-04 -0.169726187824E-03  0.111964989080E-03
 -0.154168658243E-02  0.765487064610E-03 -0.895012304711E-04 -0.109044385304E-18  0.233678035700E-04 -0.196392700546E-04
  0.146924009762E-02 -0.821184522596E-03  0.169726187824E-03 -0.233678035700E-04  0.520336278419E-20  0.102897828332E-04
 -0.567210867033E-03  0.362668377400E-03 -0.111964989080E-03  0.196392700546E-04 -0.102897828332E-04  0.124242658599E-19
