  0.485522078175     -0.104344965992     -0.853059895565E-01  0.229742197991E-01  0.241597003542E-01 -0.525162686721E-02
 -0.104344965992      0.264750359306     -0.394405497175E-01 -0.809368806503E-01  0.407900841786E-01  0.134431990022E-01
 -0.853059895565E-01 -0.394405497175E-01  0.147870807281     -0.584946568211E-01 -0.390656578340E-01  0.303590504523E-01
  0.229742197991E-01 -0.809368806503E-01 -0.584946568211E-01  0.740962989016E-01 -0.142482187026E-02 -0.251471388518E-01
  0.241597003542E-01  0.407900841786E-01 -0.390656578340E-01 -0.142482187026E-02  0.178724439052E-01 -0.400870083831E-02
 -0.525162686721E-02  0.134431990022E-01  0.303590504523E-01 -0.251471388518E-01 -0.400870083831E-02  0.988801243223E-02
