  0.776569271920     -0.374361044491      0.688349469847E-01 -0.810096167868E-02  0.246793091194E-02 -0.122027480649E-02
 -0.374361044491      0.203774670622     -0.498652775456E-01  0.511981995385E-02 -0.174810304101E-03  0.736814395804E-03
  0.688349469847E-01 -0.498652775456E-01  0.192198756411E-01 -0.167740506647E-02 -0.717889312527E-03 -0.277326343150E-03
 -0.810096167868E-02  0.511981995385E-02 -0.167740506647E-02  0.299119331816E-03 -0.293214374155E-04  0.311793118173E-04
  0.246793091194E-02 -0.174810304101E-03 -0.717889312527E-03 -0.293214374155E-04  0.126844185888E-03  0.975501373135E-05
 -0.122027480649E-02  0.736814395804E-03 -0.277326343150E-03  0.311793118173E-04  0.975501373135E-05  0.102182988722E-04
