  0.601830968182     -0.437982519905      0.464305452874E-01 -0.987191852370E-02  0.563569112450E-03  0.361031154777E-02
 -0.437982519905      0.352188036370     -0.448994953714E-01 -0.611518639814E-03  0.272980314574E-02 -0.161406002769E-02
  0.464305452874E-01 -0.448994953714E-01  0.366930716438E-01 -0.761350849232E-02  0.128580878754E-02 -0.546630340241E-03
 -0.987191852370E-02 -0.611518639814E-03 -0.761350849232E-02  0.807587944077E-02 -0.265458254162E-02  0.301669785726E-04
  0.563569112450E-03  0.272980314574E-02  0.128580878754E-02 -0.265458254162E-02  0.109615655027E-02 -0.617177315801E-04
  0.361031154777E-02 -0.161406002769E-02 -0.546630340241E-03  0.301669785726E-04 -0.617177315801E-04  0.115887813759E-03
