 -0.280698806404E-17  0.108561029593E-01 -0.253657176953E-01  0.321264413872E-01 -0.325052491851E-02 -0.857197240958E-02
 -0.108561029593E-01 -0.402185575736E-16 -0.117135050149E-01  0.240280971524E-01 -0.272969669997E-01  0.125664087505E-01
  0.253657176953E-01  0.117135050149E-01 -0.586656431381E-17 -0.466211961659E-02 -0.566750529408E-02  0.630817286215E-02
 -0.321264413872E-01 -0.240280971524E-01  0.466211961659E-02  0.188599178681E-16  0.133874559061E-01 -0.924213537942E-02
  0.325052491851E-02  0.272969669997E-01  0.566750529408E-02 -0.133874559061E-01  0.695296511266E-18  0.271662685975E-02
  0.857197240958E-02 -0.125664087505E-01 -0.630817286215E-02  0.924213537942E-02 -0.271662685975E-02 -0.206416151782E-18
