 -0.251890399142E-17  0.140465207477E-01 -0.114472561112E-01  0.236056386450E-02 -0.231899551725E-03 -0.116743032420E-02
 -0.140465207477E-01 -0.891644731083E-17  0.396870528012E-02 -0.826561563835E-03  0.128435448717E-03  0.569455050021E-03
  0.114472561112E-01 -0.396870528012E-02 -0.769626977942E-17 -0.628935073980E-04  0.611747505435E-04 -0.117059518989E-03
 -0.236056386450E-02  0.826561563835E-03  0.628935073980E-04 -0.145444208481E-17 -0.410561846274E-04  0.236595837541E-04
  0.231899551725E-03 -0.128435448717E-03 -0.611747505435E-04  0.410561846274E-04 -0.123685964610E-17 -0.513221800251E-05
  0.116743032420E-02 -0.569455050021E-03  0.117059518989E-03 -0.236595837541E-04  0.513221800251E-05 -0.959817384333E-19
