  0.652763975081     -0.168732386569E-01 -0.346045108938E-01  0.236275864907E-01  0.252904758521E-02  0.253449482598E-03
 -0.168732386569E-01  0.292404781995     -0.798420132012E-01 -0.394914842589E-02 -0.256459364296E-02  0.298566073240E-02
 -0.346045108938E-01 -0.798420132012E-01  0.430846776748E-01 -0.486093234188E-02 -0.364072764109E-02 -0.318106618004E-03
  0.236275864907E-01 -0.394914842589E-02 -0.486093234188E-02  0.103125660471E-01 -0.217853616193E-03  0.602986927766E-03
  0.252904758521E-02 -0.256459364296E-02 -0.364072764109E-02 -0.217853616193E-03  0.118589903618E-02 -0.286563144919E-03
  0.253449482598E-03  0.298566073240E-02 -0.318106618004E-03  0.602986927766E-03 -0.286563144919E-03  0.248100166137E-03
