  0.623566029486      0.147763850353E-01 -0.961311960257E-01  0.226935460867E-01  0.147240965878E-01 -0.101798857905E-02
  0.147763850353E-01  0.288432497354     -0.365183402952E-01 -0.105133248648E-01 -0.658469412879E-03 -0.266047656610E-02
 -0.961311960257E-01 -0.365183402952E-01  0.560136404675E-01 -0.193189198044E-01 -0.156054647389E-01  0.638998817979E-02
  0.226935460867E-01 -0.105133248648E-01 -0.193189198044E-01  0.218785874882E-01 -0.474396101512E-04 -0.287970173244E-02
  0.147240965878E-01 -0.658469412879E-03 -0.156054647389E-01 -0.474396101512E-04  0.897029725829E-02 -0.193738382662E-02
 -0.101798857905E-02 -0.266047656610E-02  0.638998817979E-02 -0.287970173244E-02 -0.193738382662E-02  0.113894794578E-02
