 -0.296404447129E-17 -0.659713573916E-02  0.103341753470E-01  0.140328699913E-01 -0.952996194437E-03 -0.615355282914E-03
  0.659713573916E-02  0.820042492255E-17  0.277558411550E-01 -0.140101033489E-01 -0.151271135859E-01  0.592678084627E-02
 -0.103341753470E-01 -0.277558411550E-01 -0.565140554605E-18  0.254462010721E-03  0.759939143531E-03 -0.361720870019E-02
 -0.140328699913E-01  0.140101033489E-01 -0.254462010721E-03 -0.153647588283E-17  0.186617600466E-02  0.412059739246E-03
  0.952996194437E-03  0.151271135859E-01 -0.759939143531E-03 -0.186617600466E-02  0.114205487076E-17  0.259070531140E-03
  0.615355282914E-03 -0.592678084627E-02  0.361720870019E-02 -0.412059739246E-03 -0.259070531140E-03 -0.105756893336E-18
