 -0.830792068990E-18  0.202465319688E-01 -0.869020289371E-02 -0.157145863045E-01  0.100605721604E-01  0.391944114827E-02
 -0.202465319688E-01  0.602324250018E-17 -0.252161439554E-02  0.130099379813E-01 -0.502069235418E-02 -0.286922075269E-02
  0.869020289371E-02  0.252161439554E-02 -0.565557830815E-17  0.105194437137E-01 -0.111064775701E-01  0.596401803599E-02
  0.157145863045E-01 -0.130099379813E-01 -0.105194437137E-01  0.999014562462E-17  0.426735626169E-02 -0.206763611326E-02
 -0.100605721604E-01  0.502069235418E-02  0.111064775701E-01 -0.426735626169E-02 -0.776093957615E-17 -0.118339919058E-03
 -0.391944114827E-02  0.286922075269E-02 -0.596401803599E-02  0.206763611326E-02  0.118339919058E-03 -0.206956238614E-17
