  0.318416730005E-16 -0.152578036257E-01  0.333848218123E-01  0.524127003852E-02 -0.253451593123E-01  0.128886827875E-01
  0.152578036257E-01 -0.137319834851E-16 -0.947267864865E-02 -0.177258840019E-01  0.365277196772E-02  0.797788373003E-02
 -0.333848218123E-01  0.947267864865E-02  0.773734089085E-16  0.300223541637E-02  0.982416739222E-02 -0.131081398474E-01
 -0.524127003852E-02  0.177258840019E-01 -0.300223541637E-02  0.142290417621E-16  0.311318942038E-02 -0.346297010134E-03
  0.253451593123E-01 -0.365277196772E-02 -0.982416739222E-02 -0.311318942038E-02  0.258709850220E-17  0.431327257012E-02
 -0.128886827875E-01 -0.797788373003E-02  0.131081398474E-01  0.346297010134E-03 -0.431327257012E-02 -0.116284687885E-16
