  0.841082461684     -0.221508647899     -0.273784500275E-03  0.172348783576E-02  0.128651306909E-02 -0.368104796563E-03
 -0.221508647899      0.135189726467     -0.281014887362E-01 -0.506759460115E-03 -0.194507313488E-03  0.172742106860E-03
 -0.273784500275E-03 -0.281014887362E-01  0.194430927618E-01 -0.387185866181E-02 -0.623000544965E-03  0.459402769092E-03
  0.172348783576E-02 -0.506759460115E-03 -0.387185866181E-02  0.364649759839E-02 -0.706744140567E-03 -0.100205062087E-03
  0.128651306909E-02 -0.194507313488E-03 -0.623000544965E-03 -0.706744140567E-03  0.561998037391E-03 -0.137054941689E-03
 -0.368104796563E-03  0.172742106860E-03  0.459402769092E-03 -0.100205062087E-03 -0.137054941689E-03  0.762234516355E-04
