 -0.186829271423E-16 -0.512234053669E-02 -0.211313253473E-02  0.118549815269E-01 -0.806447110662E-02 -0.751257139967E-03
  0.512234053669E-02  0.838671332654E-17  0.431360020238E-01 -0.556552239516E-02 -0.803239497640E-02  0.315115070171E-02
  0.211313253473E-02 -0.431360020238E-01  0.793404854440E-17 -0.219150025526E-01  0.128901795842E-02  0.986052659735E-03
 -0.118549815269E-01  0.556552239516E-02  0.219150025526E-01  0.224613410886E-17 -0.359480322977E-02  0.121999103925E-02
  0.806447110662E-02  0.803239497640E-02 -0.128901795842E-02  0.359480322977E-02 -0.108486749476E-17 -0.289430537423E-03
  0.751257139967E-03 -0.315115070171E-02 -0.986052659735E-03 -0.121999103925E-02  0.289430537423E-03 -0.119015503111E-18
