  0.368169074111     -0.142326027546     -0.256877369806E-01  0.303038017635E-01  0.892066706499E-02 -0.181502194090E-01
 -0.142326027546      0.263559168216     -0.137368152549     -0.146184558290E-02  0.289949963125E-01 -0.853722512733E-02
 -0.256877369806E-01 -0.137368152549      0.179272456142     -0.730741131872E-01 -0.541580137374E-02  0.140162847356E-01
  0.303038017635E-01 -0.146184558290E-02 -0.730741131872E-01  0.103523055204     -0.643907245367E-01  0.215472159504E-01
  0.892066706499E-02  0.289949963125E-01 -0.541580137374E-02 -0.643907245367E-01  0.683717679942E-01 -0.319356966839E-01
 -0.181502194090E-01 -0.853722512733E-02  0.140162847356E-01  0.215472159504E-01 -0.319356966839E-01  0.171044783315E-01
