  0.692835113454     -0.130343234830E-01 -0.495411813480E-01  0.174331062755E-01  0.733983115037E-04  0.700190366510E-02
 -0.130343234830E-01  0.257545482090     -0.586427675423E-01  0.297285763533E-02 -0.452871145609E-02  0.613723439402E-02
 -0.495411813480E-01 -0.586427675423E-01  0.376833978072E-01 -0.462483190443E-02 -0.246508504182E-02  0.251524262260E-02
  0.174331062755E-01  0.297285763533E-02 -0.462483190443E-02  0.556584884119E-02  0.186633280723E-03  0.177092938431E-02
  0.733983115037E-04 -0.452871145609E-02 -0.246508504182E-02  0.186633280723E-03  0.101845639468E-02 -0.171778862918E-02
  0.700190366510E-02  0.613723439402E-02  0.251524262260E-02  0.177092938431E-02 -0.171778862918E-02  0.535170141326E-02
