  0.424479106503     -0.157902124850     -0.568669689507E-01  0.431223157843E-01  0.118311937358E-01 -0.177689382525E-01
 -0.157902124850      0.267814214040     -0.119706367672     -0.311470934091E-02  0.147935269392E-01 -0.550028478972E-02
 -0.568669689507E-01 -0.119706367672      0.199332969469     -0.693212007811E-01 -0.223304199830E-01  0.261905528897E-01
  0.431223157843E-01 -0.311470934091E-02 -0.693212007811E-01  0.507082400070E-01 -0.154623702183E-01  0.272096923595E-02
  0.118311937358E-01  0.147935269392E-01 -0.223304199830E-01 -0.154623702183E-01  0.386841857272E-01 -0.260021172804E-01
 -0.177689382525E-01 -0.550028478972E-02  0.261905528897E-01  0.272096923595E-02 -0.260021172804E-01  0.189812842536E-01
