  0.974402176151     -0.524202073164E-01  0.642112910233E-02 -0.154670563462E-02 -0.622612592118E-02  0.512731884126E-03
 -0.524202073164E-01  0.246847861140E-01 -0.158075950031E-02 -0.686491116299E-03  0.220074204017E-03 -0.455480786840E-03
  0.642112910233E-02 -0.158075950031E-02  0.767963394232E-03 -0.301916461502E-04 -0.111875221395E-03  0.367790296095E-04
 -0.154670563462E-02 -0.686491116299E-03 -0.301916461502E-04  0.437891426955E-04  0.101788370468E-04 -0.153805659539E-05
 -0.622612592118E-02  0.220074204017E-03 -0.111875221395E-03  0.101788370468E-04  0.651000048862E-04  0.185593261637E-04
  0.512731884126E-03 -0.455480786840E-03  0.367790296095E-04 -0.153805659539E-05  0.185593261637E-04  0.361851934370E-04
