 -0.323067615455E-17 -0.386540065781E-01  0.105819721993E-01 -0.138673718378E-02 -0.100539044427E-01  0.502817781199E-02
  0.386540065781E-01 -0.134857628520E-16  0.691807924118E-01 -0.282920617540E-01 -0.772796074101E-02  0.419393927678E-02
 -0.105819721993E-01 -0.691807924118E-01 -0.567479795423E-16 -0.307923631451E-02  0.561383213014E-02 -0.407931926624E-02
  0.138673718378E-02  0.282920617540E-01  0.307923631451E-02  0.863586248209E-17 -0.209000372416E-02  0.789946361200E-03
  0.100539044427E-01  0.772796074101E-02 -0.561383213014E-02  0.209000372416E-02 -0.635599478682E-18  0.258897555808E-03
 -0.502817781199E-02 -0.419393927678E-02  0.407931926624E-02 -0.789946361200E-03 -0.258897555808E-03  0.315640773720E-18
