  0.558797033826     -0.118943125651     -0.964201996835E-01  0.381633219384E-01  0.173263515823E-01 -0.613896735304E-02
 -0.118943125651      0.230804539271     -0.377716742721E-01 -0.791368374519E-01  0.314354200025E-01  0.137942187312E-01
 -0.964201996835E-01 -0.377716742721E-01  0.128073960882     -0.379340910517E-01 -0.309531923035E-01  0.207466667702E-01
  0.381633219384E-01 -0.791368374519E-01 -0.379340910517E-01  0.606367542842E-01 -0.846325032240E-03 -0.200190208088E-01
  0.173263515823E-01  0.314354200025E-01 -0.309531923035E-01 -0.846325032240E-03  0.125314165898E-01 -0.439228341402E-02
 -0.613896735304E-02  0.137942187312E-01  0.207466667702E-01 -0.200190208088E-01 -0.439228341402E-02  0.915629514644E-02
