 -0.959330318779E-17 -0.137757489295E-01  0.164284649006E-01 -0.176606193007E-01  0.500509514709E-02  0.998431075650E-03
  0.137757489295E-01  0.569125306876E-17  0.166960742676E-01 -0.922978138158E-02  0.264344700962E-02 -0.211459963750E-02
 -0.164284649006E-01 -0.166960742676E-01  0.503175164019E-17  0.104584238961E-01 -0.113222676237E-01  0.670954078774E-02
  0.176606193007E-01  0.922978138158E-02 -0.104584238961E-01 -0.654616232801E-17  0.423169914016E-02 -0.150421796140E-02
 -0.500509514709E-02 -0.264344700962E-02  0.113222676237E-01 -0.423169914016E-02  0.293111746030E-18 -0.129073390451E-02
 -0.998431075650E-03  0.211459963750E-02 -0.670954078774E-02  0.150421796140E-02  0.129073390451E-02 -0.198705337830E-16
