  0.108228906886E-16  0.120098845057E-01  0.175250925624E-02 -0.238732709850E-01  0.116943364472E-01  0.218347330993E-02
 -0.120098845057E-01  0.156612079460E-16  0.233813933526E-01 -0.165292826319E-01  0.372367168668E-02  0.179600234662E-02
 -0.175250925624E-02 -0.233813933526E-01  0.983977209767E-17 -0.308602595112E-02  0.633547708365E-02 -0.281583106909E-02
  0.238732709850E-01  0.165292826319E-01  0.308602595112E-02  0.142874177753E-16 -0.666393272572E-02  0.310953512330E-02
 -0.116943364472E-01 -0.372367168668E-02 -0.633547708365E-02  0.666393272572E-02 -0.353750968956E-17 -0.117345057075E-02
 -0.218347330993E-02 -0.179600234662E-02  0.281583106909E-02 -0.310953512330E-02  0.117345057075E-02 -0.419247488618E-21
