 -0.178074485277E-16 -0.200912543181E-01  0.722231000594E-02 -0.289569744097E-01 -0.513797159505E-02  0.314121881397E-02
  0.200912543181E-01  0.402772897083E-16  0.262407774022E-01 -0.928657634274E-02 -0.486832496021E-02  0.147216060677E-02
 -0.722231000594E-02 -0.262407774022E-01  0.206160883188E-16 -0.126427714841E-01  0.203890768396E-02  0.307361090513E-04
  0.289569744097E-01  0.928657634274E-02  0.126427714841E-01  0.891565131482E-17 -0.166398741519E-02  0.271211293079E-03
  0.513797159505E-02  0.486832496021E-02 -0.203890768396E-02  0.166398741519E-02  0.881517494602E-18 -0.554207716574E-04
 -0.314121881397E-02 -0.147216060677E-02 -0.307361090513E-04 -0.271211293079E-03  0.554207716574E-04 -0.422614043336E-19
