  0.296549164463     -0.515427242854E-01 -0.305919580675E-03  0.830956142620E-02 -0.165439762068E-02 -0.909094964704E-04
 -0.515427242854E-01  0.528854345785     -0.209457799221      0.165085797141E-01  0.547138518087E-02 -0.205306409226E-02
 -0.305919580675E-03 -0.209457799221      0.121294944621     -0.277666795349E-01 -0.158700663863E-02  0.212162263702E-02
  0.830956142620E-02  0.165085797141E-01 -0.277666795349E-01  0.428384711110E-01 -0.172379377286E-01  0.324313248822E-02
 -0.165439762068E-02  0.547138518087E-02 -0.158700663863E-02 -0.172379377286E-01  0.976084136053E-02 -0.237258624856E-02
 -0.909094964704E-04 -0.205306409226E-02  0.212162263702E-02  0.324313248822E-02 -0.237258624856E-02  0.702232660459E-03
