  0.756942978488     -0.662350320727E-01  0.127541521984E-01 -0.171433847305E-02  0.150613803207E-03 -0.214868937841E-02
 -0.662350320727E-01  0.174143253576     -0.999584960871E-02  0.121709898292E-01 -0.387943202448E-02 -0.230966487232E-03
  0.127541521984E-01 -0.999584960871E-02  0.538743052030E-01 -0.100582844112E-01 -0.722112381760E-02  0.141172929017E-02
 -0.171433847305E-02  0.121709898292E-01 -0.100582844112E-01  0.128062416511E-01 -0.683498365916E-03  0.156657889032E-02
  0.150613803207E-03 -0.387943202448E-02 -0.722112381760E-02 -0.683498365916E-03  0.180015073426E-02 -0.638245413235E-03
 -0.214868937841E-02 -0.230966487232E-03  0.141172929017E-02  0.156657889032E-02 -0.638245413235E-03  0.433070347516E-03
