  0.507312531306     -0.959582594146E-01 -0.119588790495      0.633072289158E-01 -0.210351830210E-01  0.494021519938E-02
 -0.959582594146E-01  0.209624279382     -0.879104722026E-01  0.129836325342E-01  0.122852802860E-01 -0.461737195479E-02
 -0.119588790495     -0.879104722026E-01  0.187945291603     -0.893059027580E-01  0.904119846771E-02  0.798553336728E-03
  0.633072289158E-01  0.129836325342E-01 -0.893059027580E-01  0.711356127567E-01 -0.267213363561E-01  0.685384323350E-02
 -0.210351830210E-01  0.122852802860E-01  0.904119846771E-02 -0.267213363561E-01  0.208733252432E-01 -0.746362856796E-02
  0.494021519938E-02 -0.461737195479E-02  0.798553336728E-03  0.685384323350E-02 -0.746362856796E-02  0.310895970806E-02
