  0.837216879771     -0.783329014814E-02 -0.801952148652E-01  0.231804225180E-02  0.424698449361E-02  0.549599219115E-02
 -0.783329014814E-02  0.102281946249     -0.182308813178E-01  0.261514616493E-02 -0.121239115934E-02 -0.383099910214E-02
 -0.801952148652E-01 -0.182308813178E-01  0.508980280045E-01 -0.883923121020E-02 -0.612234268857E-02  0.197354931813E-02
  0.231804225180E-02  0.261514616493E-02 -0.883923121020E-02  0.795219172868E-02  0.427358488124E-03  0.103610509809E-03
  0.424698449361E-02 -0.121239115934E-02 -0.612234268857E-02  0.427358488124E-03  0.124298369060E-02 -0.320432188582E-03
  0.549599219115E-02 -0.383099910214E-02  0.197354931813E-02  0.103610509809E-03 -0.320432188582E-03  0.407970556672E-03
