  0.254694822036     -0.149859632983      0.844487185814E-03  0.409066394948E-01 -0.228642709982E-01  0.719046799542E-02
 -0.149859632983      0.217215766233     -0.142035423505      0.638241848304E-01 -0.226375557579E-01  0.700927747012E-02
  0.844487185814E-03 -0.142035423505      0.228199851188     -0.171912000822      0.734307059974E-01 -0.230543247925E-01
  0.409066394948E-01  0.638241848304E-01 -0.171912000822      0.185257787038     -0.114598636848      0.466663818383E-01
 -0.228642709982E-01 -0.226375557579E-01  0.734307059974E-01 -0.114598636848      0.934856925967E-01 -0.433403868674E-01
  0.719046799542E-02  0.700927747012E-02 -0.230543247925E-01  0.466663818383E-01 -0.433403868674E-01  0.211460809080E-01
