 -0.842779691482E-17  0.292341093974E-01  0.519875452916E-02 -0.134582619804E-01  0.520809515223E-02 -0.215033084402E-01
 -0.292341093974E-01 -0.190152471486E-16  0.109314646437E-01 -0.741509136187E-02  0.730114606952E-03 -0.197364303575E-02
 -0.519875452916E-02 -0.109314646437E-01 -0.482934622058E-17 -0.626695374552E-02  0.149004066328E-02  0.847373843644E-03
  0.134582619804E-01  0.741509136187E-02  0.626695374552E-02 -0.494544094465E-17 -0.196625724196E-02  0.113403560374E-02
 -0.520809515223E-02 -0.730114606952E-03 -0.149004066328E-02  0.196625724196E-02 -0.174870714083E-18 -0.152429337468E-03
  0.215033084402E-01  0.197364303575E-02 -0.847373843644E-03 -0.113403560374E-02  0.152429337468E-03  0.181962693043E-17
