  0.678201631909     -0.373791877826E-01 -0.104262494306      0.187198548116E-01  0.117882421853E-01 -0.746531647394E-02
 -0.373791877826E-01  0.219811617877     -0.140424929130E-01 -0.202926752840E-01  0.859512959857E-02 -0.941011911665E-02
 -0.104262494306     -0.140424929130E-01  0.898845464946E-01 -0.151334818164E-01 -0.132954927086E-01  0.515005045074E-02
  0.187198548116E-01 -0.202926752840E-01 -0.151334818164E-01  0.741125800564E-02  0.387372304422E-03 -0.108534828006E-03
  0.117882421853E-01  0.859512959857E-02 -0.132954927086E-01  0.387372304422E-03  0.396192611922E-02 -0.117111983292E-02
 -0.746531647394E-02 -0.941011911665E-02  0.515005045074E-02 -0.108534828006E-03 -0.117111983292E-02  0.729019593911E-03
