  0.186755214016     -0.953147781160E-01 -0.168007883486E-01  0.370556505325E-01 -0.185557606515E-01  0.420862671433E-02
 -0.953147781160E-01  0.221806816586     -0.212750372092      0.131564702598     -0.566815186999E-01  0.185496684023E-01
 -0.168007883486E-01 -0.212750372092      0.338629838699     -0.234876595183      0.942379954287E-01 -0.250124176637E-01
  0.370556505325E-01  0.131564702598     -0.234876595183      0.186712688710     -0.908057587122E-01  0.287960256015E-01
 -0.185557606515E-01 -0.566815186999E-01  0.942379954287E-01 -0.908057587122E-01  0.569479993497E-01 -0.216020803968E-01
  0.420862671433E-02  0.185496684023E-01 -0.250124176637E-01  0.287960256015E-01 -0.216020803968E-01  0.914744264085E-02
