  0.418827508974     -0.363591261302      0.161581258742     -0.263999652682E-01 -0.102796637591E-01 -0.858480120065E-03
 -0.363591261302      0.432962459779     -0.215992937217      0.543574420637E-01 -0.720054158843E-02  0.126459182087E-02
  0.161581258742     -0.215992937217      0.129004205455     -0.405847351377E-01  0.619565913307E-02 -0.309924291859E-03
 -0.263999652682E-01  0.543574420637E-01 -0.405847351377E-01  0.159283205336E-01 -0.350449792132E-02 -0.513343843593E-04
 -0.102796637591E-01 -0.720054158843E-02  0.619565913307E-02 -0.350449792132E-02  0.323054913098E-02 -0.156106594993E-03
 -0.858480120065E-03  0.126459182087E-02 -0.309924291859E-03 -0.513343843593E-04 -0.156106594993E-03  0.469561276317E-04
