  0.580464044045     -0.186705395990E-02 -0.137733085890      0.143433666840E-01  0.269698276020E-01 -0.425363971816E-02
 -0.186705395990E-02  0.260866107840      0.107331067885E-01 -0.230498378697E-01  0.148471073542E-01 -0.154295360587E-01
 -0.137733085890      0.107331067885E-01  0.125304946014     -0.403667472478E-01 -0.200337307057E-01  0.112840120872E-01
  0.143433666840E-01 -0.230498378697E-01 -0.403667472478E-01  0.210795962374E-01  0.102369771245E-02 -0.405870832914E-02
  0.269698276020E-01  0.148471073542E-01 -0.200337307057E-01  0.102369771245E-02  0.959251596674E-02 -0.234345434604E-02
 -0.425363971816E-02 -0.154295360587E-01  0.112840120872E-01 -0.405870832914E-02 -0.234345434604E-02  0.269278989664E-02
