 -0.807143402708E-17 -0.399797777766E-02  0.242672250854E-02  0.251598013989E-01 -0.272908444407E-01  0.755708227042E-02
  0.399797777766E-02  0.183741539030E-16  0.364770319245E-01 -0.186042301007E-01 -0.246929069933E-01  0.100364336465E-01
 -0.242672250854E-02 -0.364770319245E-01  0.155737284753E-16 -0.100013910815E-01  0.156850522435E-01 -0.376072501941E-02
 -0.251598013989E-01  0.186042301007E-01  0.100013910815E-01 -0.194930305750E-16 -0.677709800821E-02  0.249018696470E-02
  0.272908444407E-01  0.246929069933E-01 -0.156850522435E-01  0.677709800821E-02  0.142284894708E-18 -0.120826262288E-02
 -0.755708227042E-02 -0.100364336465E-01  0.376072501941E-02 -0.249018696470E-02  0.120826262288E-02 -0.485062141051E-18
