  0.403147956932     -0.104096186553     -0.764717199290E-01 -0.145866438903E-01  0.600693962980E-01 -0.233375130227E-01
 -0.104096186553      0.306396598415     -0.905322210703E-01 -0.671361939378E-01  0.506568664318E-01 -0.111022743029E-01
 -0.764717199290E-01 -0.905322210703E-01  0.161561390440     -0.329490747766E-01 -0.534971495119E-01  0.373662340950E-01
 -0.145866438903E-01 -0.671361939378E-01 -0.329490747766E-01  0.720319508118E-01 -0.238844897085E-01 -0.671931477991E-02
  0.600693962980E-01  0.506568664318E-01 -0.534971495119E-01 -0.238844897085E-01  0.450297660495E-01 -0.179641946645E-01
 -0.233375130227E-01 -0.111022743029E-01  0.373662340950E-01 -0.671931477991E-02 -0.179641946645E-01  0.118323373517E-01
