  0.433743752316     -0.159138122001     -0.512291610415E-01  0.331200997154E-01  0.151052781182E-01 -0.187280382533E-01
 -0.159138122001      0.265829549867     -0.119124889782     -0.464256072623E-02  0.210630519835E-01 -0.840707771136E-02
 -0.512291610415E-01 -0.119124889782      0.195611131053     -0.687906015178E-01 -0.201165821439E-01  0.256446080553E-01
  0.331200997154E-01 -0.464256072623E-02 -0.687906015178E-01  0.519140784171E-01 -0.160566683401E-01  0.154277463562E-02
  0.151052781182E-01  0.210630519835E-01 -0.201165821439E-01 -0.160566683401E-01  0.352326263358E-01 -0.233315103988E-01
 -0.187280382533E-01 -0.840707771136E-02  0.256446080553E-01  0.154277463562E-02 -0.233315103988E-01  0.176688620113E-01
