  0.660930524923     -0.427210836977E-01 -0.889100186980E-01  0.153376335084E-01  0.806261986908E-02 -0.115960033122E-01
 -0.427210836977E-01  0.229024606032     -0.440920752338E-02 -0.272746618936E-01  0.109549833946E-01 -0.196559713387E-02
 -0.889100186980E-01 -0.440920752338E-02  0.783688466503E-01 -0.187618219797E-01 -0.196174916090E-01  0.579321052325E-02
  0.153376335084E-01 -0.272746618936E-01 -0.187618219797E-01  0.238968515530E-01 -0.678322433713E-03 -0.237528659362E-02
  0.806261986908E-02  0.109549833946E-01 -0.196174916090E-01 -0.678322433713E-03  0.695314640515E-02 -0.109911153711E-02
 -0.115960033122E-01 -0.196559713387E-02  0.579321052325E-02 -0.237528659362E-02 -0.109911153711E-02  0.826024436750E-03
