  0.154365886465E-17 -0.281270365168E-02 -0.484693755954E-03  0.245151650714E-01 -0.948686614374E-02  0.483187370712E-02
  0.281270365168E-02 -0.305347280233E-16  0.140267644092E-01 -0.137772573390E-01 -0.103697484761E-01  0.481706380079E-02
  0.484693755954E-03 -0.140267644092E-01  0.132077763821E-17  0.134496567834E-01  0.255147145591E-02  0.144344419445E-02
 -0.245151650714E-01  0.137772573390E-01 -0.134496567834E-01  0.959765083764E-17 -0.141545113671E-02  0.381835832627E-04
  0.948686614374E-02  0.103697484761E-01 -0.255147145591E-02  0.141545113671E-02  0.215727014241E-16 -0.609460982264E-02
 -0.483187370712E-02 -0.481706380079E-02 -0.144344419445E-02 -0.381835832627E-04  0.609460982264E-02 -0.918353201566E-17
