  0.975382668518     -0.520550417226E-01  0.445640943926E-02  0.367370773268E-02 -0.104388076694E-02  0.368191490212E-03
 -0.520550417226E-01  0.238383705522E-01 -0.834328498446E-03 -0.634232172335E-03  0.471972308787E-04 -0.285840647342E-03
  0.445640943926E-02 -0.834328498446E-03  0.712745436270E-03 -0.393739340635E-04 -0.483408924433E-04  0.456959198727E-04
  0.367370773268E-02 -0.634232172335E-03 -0.393739340635E-04  0.310689895672E-04 -0.256870872816E-05 -0.114424305174E-05
 -0.104388076694E-02  0.471972308787E-04 -0.483408924433E-04 -0.256870872816E-05  0.131695022673E-04  0.967481660431E-05
  0.368191490212E-03 -0.285840647342E-03  0.456959198727E-04 -0.114424305174E-05  0.967481660431E-05  0.219770017713E-04
