 -0.510484388997E-18 -0.740168613559E-02  0.911496034463E-02 -0.936120682047E-02 -0.218929959151E-02 -0.345055102881E-03
  0.740168613559E-02  0.102825693976E-16  0.355106920690E-01 -0.126457892919E-01 -0.128429837020E-01  0.993500428853E-03
 -0.911496034463E-02 -0.355106920690E-01  0.148561622292E-16 -0.104344458318E-01  0.368745487249E-02 -0.537444125962E-03
  0.936120682047E-02  0.126457892919E-01  0.104344458318E-01 -0.930346789481E-17 -0.911272419372E-02  0.572948010009E-03
  0.218929959151E-02  0.128429837020E-01 -0.368745487249E-02  0.911272419372E-02  0.222000913728E-17  0.266068089659E-03
  0.345055102881E-03 -0.993500428853E-03  0.537444125962E-03 -0.572948010009E-03 -0.266068089659E-03 -0.803534444433E-20
