  0.855661241274     -0.835213742397E-01  0.265942555189E-01 -0.330446715912E-02  0.258144238225E-02  0.492757896225E-02
 -0.835213742397E-01  0.112194534528     -0.540065288551E-02 -0.124315704619E-01  0.249396026985E-02  0.601335762092E-02
  0.265942555189E-01 -0.540065288551E-02  0.192644749330E-01  0.482358683873E-03  0.616268401041E-02 -0.156585323543E-02
 -0.330446715912E-02 -0.124315704619E-01  0.482358683873E-03  0.816132662786E-02 -0.208227021210E-02 -0.320517987220E-02
  0.258144238225E-02  0.249396026985E-02  0.616268401041E-02 -0.208227021210E-02  0.320685558373E-02  0.464404285365E-03
  0.492757896225E-02  0.601335762092E-02 -0.156585323543E-02 -0.320517987220E-02  0.464404285365E-03  0.151156705358E-02
