  0.638624552015E-17  0.137020630077E-01 -0.708687990955E-03  0.150041561441E-01 -0.118290668635E-02 -0.116125021657E-01
 -0.137020630077E-01 -0.591891245203E-16 -0.174622176635E-01  0.268985172544E-01 -0.279095141124E-01  0.175880537434E-01
  0.708687990955E-03  0.174622176635E-01  0.136937225503E-16 -0.277048235280E-02 -0.824398177469E-02  0.973998536610E-02
 -0.150041561441E-01 -0.268985172544E-01  0.277048235280E-02 -0.537385047526E-17  0.124682834326E-01 -0.129678802987E-01
  0.118290668635E-02  0.279095141124E-01  0.824398177469E-02 -0.124682834326E-01  0.107477009505E-16  0.441637773874E-02
  0.116125021657E-01 -0.175880537434E-01 -0.973998536610E-02  0.129678802987E-01 -0.441637773874E-02  0.569952020830E-17
