  0.233415828412E-16 -0.256609934132E-02  0.226475308533E-01  0.498090976543E-02 -0.232955453034E-01  0.379320139372E-02
  0.256609934132E-02  0.739126387712E-17 -0.525582621770E-02 -0.142273883635E-01  0.150780811415E-01  0.429344506110E-02
 -0.226475308533E-01  0.525582621770E-02  0.266598188400E-16  0.122975203826E-01  0.738173628839E-02 -0.106201444004E-01
 -0.498090976543E-02  0.142273883635E-01 -0.122975203826E-01  0.317867070785E-16 -0.407447975781E-02 -0.480400286657E-03
  0.232955453034E-01 -0.150780811415E-01 -0.738173628839E-02  0.407447975781E-02  0.269446459644E-16 -0.330380042217E-02
 -0.379320139372E-02 -0.429344506110E-02  0.106201444004E-01  0.480400286657E-03  0.330380042217E-02  0.448656125952E-16
