  0.484709799071E-17  0.865689460462E-02  0.135879286219E-01  0.143196106110E-01 -0.231382131173E-01  0.185629118958E-02
 -0.865689460462E-02 -0.317697510409E-16  0.293442227307E-01 -0.184754938371E-01 -0.308486833800E-01  0.113359916900E-01
 -0.135879286219E-01 -0.293442227307E-01 -0.106522773387E-16 -0.862113139890E-02  0.105708850300E-01  0.217412363598E-03
 -0.143196106110E-01  0.184754938371E-01  0.862113139890E-02  0.478473766569E-17 -0.343466502923E-02  0.986002803215E-03
  0.231382131173E-01  0.308486833800E-01 -0.105708850300E-01  0.343466502923E-02 -0.285723671031E-17 -0.215697208676E-02
 -0.185629118958E-02 -0.113359916900E-01 -0.217412363598E-03 -0.986002803215E-03  0.215697208676E-02 -0.154483532453E-18
