  0.223105273135E-16  0.192128860721E-01  0.217211680163E-01 -0.368269730301E-04 -0.145323244409E-01  0.112030667907E-01
 -0.192128860721E-01  0.994408245479E-17 -0.265089055271E-01  0.220629081391E-02 -0.126338163223E-02  0.752589994955E-02
 -0.217211680163E-01  0.265089055271E-01 -0.388650122896E-17  0.188193320447E-01 -0.153445994011E-01  0.214788899263E-03
  0.368269730301E-04 -0.220629081391E-02 -0.188193320447E-01 -0.167682425437E-16  0.556043920202E-02 -0.152613801582E-02
  0.145323244409E-01  0.126338163223E-02  0.153445994011E-01 -0.556043920202E-02  0.247020657421E-16  0.123383614928E-02
 -0.112030667907E-01 -0.752589994955E-02 -0.214788899263E-03  0.152613801582E-02 -0.123383614928E-02  0.413192037984E-17
