  0.523028490365     -0.820871161978E-01 -0.114721203226      0.678324079489E-01  0.114960930479E-01 -0.269132120169E-01
 -0.820871161978E-01  0.244382718123     -0.405452416179E-01 -0.853390452644E-01  0.221151037826E-01  0.233842380726E-01
 -0.114721203226     -0.405452416179E-01  0.123382511462     -0.318345374741E-01 -0.449931578001E-01  0.278470957727E-01
  0.678324079489E-01 -0.853390452644E-01 -0.318345374741E-01  0.636327283506E-01  0.515415917812E-02 -0.234153950806E-01
  0.114960930479E-01  0.221151037826E-01 -0.449931578001E-01  0.515415917812E-02  0.295727121350E-01 -0.149539048049E-01
 -0.269132120169E-01  0.233842380726E-01  0.278470957727E-01 -0.234153950806E-01 -0.149539048049E-01  0.160008395654E-01
