  0.203139763032E-16  0.159550181568E-01 -0.161687495979E-01  0.302281088360E-02 -0.649150979730E-03  0.195543416883E-02
 -0.159550181568E-01  0.320591645692E-17  0.710048298094E-02 -0.162590689849E-02  0.535291301544E-03 -0.110930506606E-02
  0.161687495979E-01 -0.710048298094E-02  0.378738614858E-16  0.234023432479E-03 -0.196860564529E-03  0.279146694863E-03
 -0.302281088360E-02  0.162590689849E-02 -0.234023432479E-03  0.293402658743E-17  0.490722616655E-04 -0.460467475719E-04
  0.649150979730E-03 -0.535291301544E-03  0.196860564529E-03 -0.490722616655E-04 -0.125727778897E-18  0.137509231635E-04
 -0.195543416883E-02  0.110930506606E-02 -0.279146694863E-03  0.460467475719E-04 -0.137509231635E-04 -0.848480691845E-19
