  0.539299874880     -0.121632945790     -0.857957506796E-01  0.501147286416E-01  0.954666338941E-02 -0.115635100108E-01
 -0.121632945790      0.257738468754     -0.781265162862E-01 -0.450024003354E-01  0.231381639238E-01 -0.181844055509E-02
 -0.857957506796E-01 -0.781265162862E-01  0.120077704617     -0.225901373145E-01 -0.305164098224E-01  0.236075392637E-01
  0.501147286416E-01 -0.450024003354E-01 -0.225901373145E-01  0.499644628887E-01 -0.986586290518E-02 -0.122577904513E-01
  0.954666338941E-02  0.231381639238E-01 -0.305164098224E-01 -0.986586290518E-02  0.221814904581E-01 -0.926027819950E-02
 -0.115635100108E-01 -0.181844055509E-02  0.236075392637E-01 -0.122577904513E-01 -0.926027819950E-02  0.107379984018E-01
