  0.456291508508     -0.901716455620E-01 -0.111983350389      0.302259266288E-01  0.382233951593E-01 -0.205532373579E-01
 -0.901716455620E-01  0.250718942482     -0.300075110987E-01 -0.826889419947E-01  0.371375536097E-01  0.105663907840E-01
 -0.111983350389     -0.300075110987E-01  0.178281252341     -0.484415562370E-01 -0.591763209832E-01  0.337836679124E-01
  0.302259266288E-01 -0.826889419947E-01 -0.484415562370E-01  0.756513893244E-01 -0.653415337319E-02 -0.204103315344E-01
  0.382233951593E-01  0.371375536097E-01 -0.591763209832E-01 -0.653415337319E-02  0.293597332277E-01 -0.809588591962E-02
 -0.205532373579E-01  0.105663907840E-01  0.337836679124E-01 -0.204103315344E-01 -0.809588591962E-02  0.969717411721E-02
