 -0.737667391632E-17  0.150119001231E-01 -0.299570163516E-01 -0.796097212429E-02  0.100665482295E-02  0.590817055551E-02
 -0.150119001231E-01  0.274856891129E-16 -0.117520202812E-01  0.247687098837E-01 -0.520184776709E-03 -0.913877548907E-02
  0.299570163516E-01  0.117520202812E-01 -0.438102065556E-17 -0.677451791342E-03 -0.692993977995E-02 -0.769395655863E-03
  0.796097212429E-02 -0.247687098837E-01  0.677451791342E-03  0.229482034339E-16  0.652803750758E-02  0.854906783427E-03
 -0.100665482295E-02  0.520184776709E-03  0.692993977995E-02 -0.652803750758E-02  0.230003584417E-16  0.270724629426E-02
 -0.590817055551E-02  0.913877548907E-02  0.769395655863E-03 -0.854906783427E-03 -0.270724629426E-02  0.272020962579E-17
