  0.743084266026E-17  0.396803442635E-01 -0.128736132159E-01 -0.822644075793E-02  0.368305884960E-02 -0.847872638998E-03
 -0.396803442635E-01 -0.200109322028E-16 -0.168114790189E-01  0.435014408059E-02 -0.521403695209E-02  0.306165026065E-02
  0.128736132159E-01  0.168114790189E-01 -0.523861699716E-17 -0.255633245231E-02  0.176948035637E-02 -0.563743130980E-03
  0.822644075793E-02 -0.435014408059E-02  0.255633245231E-02 -0.219870416586E-17  0.176893459443E-03 -0.531070340053E-03
 -0.368305884960E-02  0.521403695209E-02 -0.176948035637E-02 -0.176893459443E-03 -0.143018762363E-16 -0.988781280975E-03
  0.847872638998E-03 -0.306165026065E-02  0.563743130980E-03  0.531070340053E-03  0.988781280975E-03 -0.551536534563E-17
