 -0.235864372861E-16  0.154834202523E-01  0.763832314865E-02 -0.140078287311E-01  0.161184067747E-01 -0.103979158593E-01
 -0.154834202523E-01 -0.118464919282E-16  0.130187613855E-01 -0.108579632402E-01 -0.846471488257E-02  0.476559065463E-02
 -0.763832314865E-02 -0.130187613855E-01 -0.190693582680E-16  0.565935043701E-02 -0.364335963427E-02 -0.214814934395E-02
  0.140078287311E-01  0.108579632402E-01 -0.565935043701E-02  0.515388061298E-18 -0.107055704564E-02  0.895714804594E-03
 -0.161184067747E-01  0.846471488257E-02  0.364335963427E-02  0.107055704564E-02  0.138758324196E-18 -0.141963294326E-02
  0.103979158593E-01 -0.476559065463E-02  0.214814934395E-02 -0.895714804594E-03  0.141963294326E-02 -0.189182108078E-17
