 -0.445668958532E-17 -0.931613111938E-02 -0.189369146261E-01 -0.317061376920E-02  0.987035380457E-02 -0.874815813667E-02
  0.931613111938E-02  0.204706116302E-17 -0.143607401733E-02  0.265425362801E-01 -0.594114129738E-02 -0.379958983198E-02
  0.189369146261E-01  0.143607401733E-02 -0.126288914383E-16 -0.214098989306E-02 -0.738141952955E-02 -0.173967736670E-02
  0.317061376920E-02 -0.265425362801E-01  0.214098989306E-02 -0.109861088122E-16  0.594469092134E-02  0.212682224529E-02
 -0.987035380457E-02  0.594114129738E-02  0.738141952955E-02 -0.594469092134E-02 -0.234738236186E-16  0.326021979262E-02
  0.874815813667E-02  0.379958983198E-02  0.173967736670E-02 -0.212682224529E-02 -0.326021979262E-02  0.778877895490E-18
