  0.413575461199     -0.980168442129E-01 -0.871270545166E-01  0.206364617166E-01  0.347917424447E-01 -0.205871731976E-01
 -0.980168442129E-01  0.283998187234     -0.760211916470E-01 -0.716382114772E-01  0.413874825781E-01 -0.308642233705E-02
 -0.871270545166E-01 -0.760211916470E-01  0.171199801050     -0.519404511708E-01 -0.500929449552E-01  0.430239274189E-01
  0.206364617166E-01 -0.716382114772E-01 -0.519404511708E-01  0.842670454140E-01 -0.121936353190E-01 -0.192424046086E-01
  0.347917424447E-01  0.413874825781E-01 -0.500929449552E-01 -0.121936353190E-01  0.323219558547E-01 -0.144437086334E-01
 -0.205871731976E-01 -0.308642233705E-02  0.430239274189E-01 -0.192424046086E-01 -0.144437086334E-01  0.146375492481E-01
