  0.493543201203     -0.934646194295E-01 -0.115844210171      0.394256476243E-01  0.191272063245E-01 -0.176628827991E-01
 -0.934646194295E-01  0.265950692854     -0.397616297531E-01 -0.832764951127E-01  0.267788527679E-01  0.177453047782E-01
 -0.115844210171     -0.397616297531E-01  0.145488779664     -0.377253883526E-01 -0.300314376808E-01  0.238425569309E-01
  0.394256476243E-01 -0.832764951127E-01 -0.377253883526E-01  0.622555284241E-01 -0.232216428191E-02 -0.232333889989E-01
  0.191272063245E-01  0.267788527679E-01 -0.300314376808E-01 -0.232216428191E-02  0.188222198032E-01 -0.759652709160E-02
 -0.176628827991E-01  0.177453047782E-01  0.238425569309E-01 -0.232333889989E-01 -0.759652709160E-02  0.139395780523E-01
