  0.538144202504E-17  0.297046429347E-01 -0.556495079195E-01  0.541424064513E-01 -0.262528965917E-01  0.829691002456E-02
 -0.297046429347E-01  0.284978944873E-17 -0.182469471763E-01  0.357075195826E-01 -0.357008120814E-01  0.188290285964E-01
  0.556495079195E-01  0.182469471763E-01 -0.186401322433E-17 -0.672686745636E-03 -0.309441224694E-02  0.417634904850E-02
 -0.541424064513E-01 -0.357075195826E-01  0.672686745636E-03  0.265263420385E-17  0.113396691888E-01 -0.812225784651E-02
  0.262528965917E-01  0.357008120814E-01  0.309441224694E-02 -0.113396691888E-01  0.141324464171E-16  0.110128113618E-02
 -0.829691002456E-02 -0.188290285964E-01 -0.417634904850E-02  0.812225784651E-02 -0.110128113618E-02  0.202980286207E-17
