  0.586809400412     -0.157681540059     -0.502601545941E-01  0.171732564661E-01  0.262548143763E-02 -0.242296096307E-02
 -0.157681540059      0.245854596066     -0.706520635384E-01  0.463359037335E-02 -0.385488007570E-02  0.115736718283E-02
 -0.502601545941E-01 -0.706520635384E-01  0.103348853779     -0.248429877302E-01 -0.267631100914E-01  0.218564530237E-01
  0.171732564661E-01  0.463359037335E-02 -0.248429877302E-01  0.293578849331E-01 -0.703031327632E-02 -0.320611783492E-02
  0.262548143763E-02 -0.385488007570E-02 -0.267631100914E-01 -0.703031327632E-02  0.260410673018E-01 -0.128111250088E-01
 -0.242296096307E-02  0.115736718283E-02  0.218564530237E-01 -0.320611783492E-02 -0.128111250088E-01  0.858819750813E-02
