  0.903183011341     -0.643348006536E-01  0.200207181684E-01 -0.130410275928E-02 -0.640515714001E-03 -0.443750754002E-02
 -0.643348006536E-01  0.724941756261E-01 -0.695741138839E-03 -0.882354048237E-03 -0.629473521111E-03  0.270099067441E-03
  0.200207181684E-01 -0.695741138839E-03  0.181244558921E-01 -0.119279348625E-03  0.307537108615E-03 -0.852490221137E-03
 -0.130410275928E-02 -0.882354048237E-03 -0.119279348625E-03  0.438647002785E-02 -0.122259881569E-02  0.300292950449E-03
 -0.640515714001E-03 -0.629473521111E-03  0.307537108615E-03 -0.122259881569E-02  0.167876132416E-02 -0.251981872592E-03
 -0.443750754002E-02  0.270099067441E-03 -0.852490221137E-03  0.300292950449E-03 -0.251981872592E-03  0.133125788444E-03
