  0.490866621056E-17 -0.859732836997E-02  0.917128068784E-02 -0.576812173110E-02  0.343584952739E-02 -0.910899871491E-04
  0.859732836997E-02  0.155720545667E-17  0.312481881387E-01 -0.143790772980E-01 -0.126399214560E-01  0.666521928844E-02
 -0.917128068784E-02 -0.312481881387E-01  0.666052234932E-17 -0.373484316012E-02  0.877193991488E-03  0.379001001850E-02
  0.576812173110E-02  0.143790772980E-01  0.373484316012E-02  0.392641903926E-17 -0.431420823234E-02  0.190662589008E-02
 -0.343584952739E-02  0.126399214560E-01 -0.877193991488E-03  0.431420823234E-02 -0.150332319278E-17 -0.269858516171E-02
  0.910899871491E-04 -0.666521928844E-02 -0.379001001850E-02 -0.190662589008E-02  0.269858516171E-02 -0.668107951706E-19
