  0.262865131761E-16  0.561077391504E-02 -0.218418926102E-01 -0.862181393717E-02  0.264441583572E-02  0.533736721792E-02
 -0.561077391504E-02  0.138359857114E-16  0.388586878763E-01 -0.259760440631E-02 -0.235550230523E-01 -0.363014637095E-02
  0.218418926102E-01 -0.388586878763E-01  0.350362863981E-16 -0.740100432683E-02 -0.177320982421E-02 -0.119957086558E-02
  0.862181393717E-02  0.259760440631E-02  0.740100432683E-02 -0.180016588288E-17 -0.679951438329E-02  0.590007046512E-02
 -0.264441583572E-02  0.235550230523E-01  0.177320982421E-02  0.679951438329E-02  0.330278368594E-17 -0.822949980593E-02
 -0.533736721792E-02  0.363014637095E-02  0.119957086558E-02 -0.590007046512E-02  0.822949980593E-02 -0.398900394501E-18
