 -0.488902659459E-16  0.926335614627E-02 -0.534940506414E-03  0.751925635478E-03  0.243903529278E-02 -0.874482273708E-03
 -0.926335614627E-02  0.141601102899E-16  0.388991811579E-01 -0.201349765059E-01 -0.325311619190E-02  0.969866667729E-03
  0.534940506414E-03 -0.388991811579E-01 -0.497797503288E-16 -0.203788038597E-01  0.873252937477E-02 -0.147833271033E-02
 -0.751925635478E-03  0.201349765059E-01  0.203788038597E-01 -0.142233834294E-17 -0.150555896805E-02 -0.362007485123E-03
 -0.243903529278E-02  0.325311619190E-02 -0.873252937477E-02  0.150555896805E-02  0.828302917357E-18  0.221942726292E-03
  0.874482273708E-03 -0.969866667729E-03  0.147833271033E-02  0.362007485123E-03 -0.221942726292E-03  0.969932127126E-19
