  0.439691734821     -0.155745413917     -0.398655469810E-01  0.223737822132E-01  0.161264938266E-01 -0.169937622644E-01
 -0.155745413917      0.267189166030     -0.122712271952     -0.124908425897E-01  0.326768612039E-01 -0.164434819946E-01
 -0.398655469810E-01 -0.122712271952      0.187544203464     -0.597768034215E-01 -0.199874269805E-01  0.226607690161E-01
  0.223737822132E-01 -0.124908425897E-01 -0.597768034215E-01  0.524599080749E-01 -0.228124022144E-01  0.643988118084E-02
  0.161264938266E-01  0.326768612039E-01 -0.199874269805E-01 -0.228124022144E-01  0.381925804632E-01 -0.226407225459E-01
 -0.169937622644E-01 -0.164434819946E-01  0.226607690161E-01  0.643988118084E-02 -0.226407225459E-01  0.149224071471E-01
