  0.654409849711     -0.388747458388E-01 -0.108528808400      0.119071409063E-01  0.123330386614E-01 -0.276752966608E-02
 -0.388747458388E-01  0.215605722686     -0.360488480420E-01 -0.126327987684E-01  0.963586936478E-02 -0.300858215060E-02
 -0.108528808400     -0.360488480420E-01  0.110809461983     -0.204563554694E-01 -0.170982899662E-01  0.686416186688E-02
  0.119071409063E-01 -0.126327987684E-01 -0.204563554694E-01  0.136661365827E-01 -0.393014088135E-03 -0.161638365176E-02
  0.123330386614E-01  0.963586936478E-02 -0.170982899662E-01 -0.393014088135E-03  0.475928412719E-02 -0.125130763283E-02
 -0.276752966608E-02 -0.300858215060E-02  0.686416186688E-02 -0.161638365176E-02 -0.125130763283E-02  0.749544909448E-03
