  0.349600008143     -0.147181001727     -0.485343478838E-01  0.633012756590E-01 -0.332666268475E-01  0.915783780305E-02
 -0.147181001727      0.217924706532     -0.127361986105      0.317964924431E-01 -0.897569048361E-02  0.554535975624E-02
 -0.485343478838E-01 -0.127361986105      0.245243160598     -0.142259903326      0.502242850334E-01 -0.125658005149E-01
  0.633012756590E-01  0.317964924431E-01 -0.142259903326      0.124576221918     -0.671390806169E-01  0.218370533186E-01
 -0.332666268475E-01 -0.897569048361E-02  0.502242850334E-01 -0.671390806169E-01  0.525445355875E-01 -0.214902377077E-01
  0.915783780305E-02  0.554535975624E-02 -0.125658005149E-01  0.218370533186E-01 -0.214902377077E-01  0.101113672222E-01
