  0.759714569214     -0.392233647975      0.763303328363E-01 -0.948388603078E-02  0.429382289990E-02  0.128512232715E-02
 -0.392233647975      0.221277899235     -0.535136740210E-01  0.818047787717E-02 -0.215388281930E-02 -0.610765325716E-03
  0.763303328363E-01 -0.535136740210E-01  0.182841171986E-01 -0.342507710974E-02  0.379538241213E-03  0.864582484450E-04
 -0.948388603078E-02  0.818047787717E-02 -0.342507710974E-02  0.694271325231E-03 -0.413427943969E-04 -0.577829479874E-05
  0.429382289990E-02 -0.215388281930E-02  0.379538241213E-03 -0.413427943969E-04  0.257580897205E-04  0.822451052788E-05
  0.128512232715E-02 -0.610765325716E-03  0.864582484450E-04 -0.577829479874E-05  0.822451052788E-05  0.338493691808E-05
