  0.627523275011E-18  0.111106458599E-01 -0.918843415593E-03 -0.108243849047E-01  0.152860401898E-01  0.530073023714E-02
 -0.111106458599E-01 -0.111488201542E-16  0.728815117948E-02 -0.160464398221E-02 -0.315663951832E-02 -0.537539916792E-02
  0.918843415593E-03 -0.728815117948E-02 -0.146935132358E-16  0.507229710565E-02  0.879722296397E-04 -0.113129108108E-02
  0.108243849047E-01  0.160464398221E-02 -0.507229710565E-02  0.217595020849E-17 -0.138285213831E-02 -0.176858022023E-03
 -0.152860401898E-01  0.315663951832E-02 -0.879722296397E-04  0.138285213831E-02  0.112307107535E-17  0.833628232503E-03
 -0.530073023714E-02  0.537539916792E-02  0.113129108108E-02  0.176858022023E-03 -0.833628232503E-03 -0.230792568316E-17
