  0.584099915522     -0.139309687171     -0.750814478985E-01  0.567607454871E-01 -0.256450663467E-01  0.134397128979E-01
 -0.139309687171      0.246576030475     -0.142530328894E-01 -0.659084970042E-01  0.283997862388E-01 -0.395547644483E-02
 -0.750814478985E-01 -0.142530328894E-01  0.989792722252E-01 -0.512360889687E-01  0.366365322232E-02  0.287448759533E-02
  0.567607454871E-01 -0.659084970042E-01 -0.512360889687E-01  0.598146972583E-01 -0.176415896086E-01  0.548518228846E-03
 -0.256450663467E-01  0.283997862388E-01  0.366365322232E-02 -0.176415896086E-01  0.951747292574E-02 -0.202389562902E-02
  0.134397128979E-01 -0.395547644483E-02  0.287448759533E-02  0.548518228846E-03 -0.202389562902E-02  0.101261159392E-02
