 -0.158424956739E-16  0.213084554282E-01 -0.327218558641E-01  0.463156181408E-01 -0.919509977462E-02 -0.450874842648E-02
 -0.213084554282E-01  0.247389524864E-16 -0.100095720913E-01  0.144258371350E-01 -0.275587165117E-01  0.175000148966E-01
  0.327218558641E-01  0.100095720913E-01  0.811947832626E-16 -0.144098010077E-01  0.955283745907E-02 -0.465584250963E-02
 -0.463156181408E-01 -0.144258371350E-01  0.144098010077E-01  0.494035021082E-16  0.999315315750E-02 -0.719061381547E-02
  0.919509977462E-02  0.275587165117E-01 -0.955283745907E-02 -0.999315315750E-02 -0.172189486694E-17  0.431790558804E-02
  0.450874842648E-02 -0.175000148966E-01  0.465584250963E-02  0.719061381547E-02 -0.431790558804E-02 -0.350440813920E-17
