  0.672336506991     -0.242180088066E-01 -0.919752973440E-01  0.193954528145E-01  0.788484635075E-02 -0.572678357597E-03
 -0.242180088066E-01  0.280744319845     -0.313001460145E-01 -0.268330283737E-01  0.356045127318E-02 -0.176434479169E-02
 -0.919752973440E-01 -0.313001460145E-01  0.308252115798E-01 -0.377974831682E-02 -0.912857187546E-02  0.350521948798E-02
  0.193954528145E-01 -0.268330283737E-01 -0.377974831682E-02  0.101017684030E-01  0.558038460139E-03 -0.188270451021E-02
  0.788484635075E-02  0.356045127318E-02 -0.912857187546E-02  0.558038460139E-03  0.498105160577E-02 -0.134632228462E-02
 -0.572678357597E-03 -0.176434479169E-02  0.350521948798E-02 -0.188270451021E-02 -0.134632228462E-02  0.101114157567E-02
