  0.804334198052E-17  0.149014369446E-01  0.943577366749E-02 -0.262087404489E-01  0.158908609199E-01 -0.393981118562E-02
 -0.149014369446E-01  0.255833339424E-16  0.612353174382E-01 -0.381736651560E-01  0.290907469230E-02  0.559201024746E-02
 -0.943577366749E-02 -0.612353174382E-01  0.144898150886E-16 -0.952964497268E-02  0.301252686019E-02  0.341457325774E-02
  0.262087404489E-01  0.381736651560E-01  0.952964497268E-02 -0.146314093729E-16 -0.103369155630E-01  0.529656109630E-02
 -0.158908609199E-01 -0.290907469230E-02 -0.301252686019E-02  0.103369155630E-01  0.182499299705E-17 -0.319086935608E-02
  0.393981118562E-02 -0.559201024746E-02 -0.341457325774E-02 -0.529656109630E-02  0.319086935608E-02  0.234122215839E-17
