 -0.124712865166E-15  0.974154571971E-02  0.884425536259E-02  0.180838148470E-02  0.143500831095E-02 -0.932651559974E-02
 -0.974154571971E-02 -0.571059741300E-16  0.116262306673E-01 -0.229519912423E-01  0.694500124620E-02  0.643426951309E-02
 -0.884425536259E-02 -0.116262306673E-01 -0.896450194203E-16  0.655928488209E-02 -0.422396706830E-02 -0.214320353299E-02
 -0.180838148470E-02  0.229519912423E-01 -0.655928488209E-02 -0.406702818014E-16 -0.109500409472E-02  0.297227435307E-02
 -0.143500831095E-02 -0.694500124620E-02  0.422396706830E-02  0.109500409472E-02 -0.812599964835E-16 -0.277760571248E-02
  0.932651559974E-02 -0.643426951309E-02  0.214320353299E-02 -0.297227435307E-02  0.277760571248E-02 -0.328728952907E-16
