 -0.153448654829E-16 -0.471838976279E-02 -0.296467764728E-01  0.133078153375E-01 -0.547988928252E-02  0.763849610657E-03
  0.471838976279E-02  0.712916731751E-17 -0.865068171707E-02  0.424990402732E-01 -0.121986621689E-01 -0.163551742333E-01
  0.296467764728E-01  0.865068171707E-02 -0.265342270213E-16 -0.402991037324E-02 -0.118027082368E-01  0.752665876686E-02
 -0.133078153375E-01 -0.424990402732E-01  0.402991037324E-02  0.126571312803E-16  0.109523692400E-01 -0.453515500476E-03
  0.547988928252E-02  0.121986621689E-01  0.118027082368E-01 -0.109523692400E-01 -0.687183106407E-17  0.193030797728E-02
 -0.763849610657E-03  0.163551742333E-01 -0.752665876686E-02  0.453515500476E-03 -0.193030797728E-02 -0.258527624983E-18
