  0.281162155392     -0.112416883928      0.205094226636E-01 -0.529009659214E-02  0.523579485325E-02 -0.438871386183E-02
 -0.112416883928      0.410929162740     -0.274950399782      0.870897019312E-01 -0.236286952595E-01  0.152365973184E-02
  0.205094226636E-01 -0.274950399782      0.250723457072     -0.965224920628E-01  0.177323240822E-01  0.770051508730E-02
 -0.529009659214E-02  0.870897019312E-01 -0.965224920628E-01  0.436807041187E-01 -0.798380878868E-02 -0.281167034409E-02
  0.523579485325E-02 -0.236286952595E-01  0.177323240822E-01 -0.798380878868E-02  0.776853648441E-02 -0.494380937164E-02
 -0.438871386183E-02  0.152365973184E-02  0.770051508730E-02 -0.281167034409E-02 -0.494380937164E-02  0.573598419328E-02
