  0.478144506657     -0.143611930294     -0.829377563732E-01  0.392203023144E-01  0.196625797487E-01 -0.136451601861E-01
 -0.143611930294      0.283434524887     -0.647692802774E-01 -0.691883901469E-01  0.305157922602E-01  0.153132248983E-02
 -0.829377563732E-01 -0.647692802774E-01  0.138414975635     -0.461854360710E-01 -0.317642389484E-01  0.308276493374E-01
  0.392203023144E-01 -0.691883901469E-01 -0.461854360710E-01  0.717235165387E-01 -0.709376236093E-02 -0.185463896365E-01
  0.196625797487E-01  0.305157922602E-01 -0.317642389484E-01 -0.709376236093E-02  0.180798151510E-01 -0.746665679674E-02
 -0.136451601861E-01  0.153132248983E-02  0.308276493374E-01 -0.185463896365E-01 -0.746665679674E-02  0.102026611307E-01
