  0.306705558891     -0.359801246589      0.174740716430     -0.390241286531E-01  0.546824994166E-02 -0.168853195655E-02
 -0.359801246589      0.492504399148     -0.270182527693      0.799990162127E-01 -0.197883100762E-01  0.437030103664E-02
  0.174740716430     -0.270182527693      0.168465993719     -0.617112462851E-01  0.178599972091E-01 -0.301267183766E-02
 -0.390241286531E-01  0.799990162127E-01 -0.617112462851E-01  0.288488602279E-01 -0.944818856250E-02  0.126666839207E-02
  0.546824994166E-02 -0.197883100762E-01  0.178599972091E-01 -0.944818856250E-02  0.336569977519E-02 -0.461082186792E-03
 -0.168853195655E-02  0.437030103664E-02 -0.301267183766E-02  0.126666839207E-02 -0.461082186792E-03  0.109488238650E-03
