 -0.392051817380E-15  0.233113099966E-01 -0.322887329101E-01  0.997345859932E-02  0.552116924432E-02 -0.503032499797E-02
 -0.233113099966E-01  0.355732448946E-15  0.227132145703E-01 -0.721222045168E-02 -0.415480682428E-02  0.411862947398E-02
  0.322887329101E-01 -0.227132145703E-01 -0.116010176179E-16 -0.983918447748E-03  0.159966866143E-02 -0.107180158689E-02
 -0.997345859932E-02  0.721222045168E-02  0.983918447748E-03  0.271362323411E-16 -0.370420114587E-03  0.247166673159E-03
 -0.552116924432E-02  0.415480682428E-02 -0.159966866143E-02  0.370420114587E-03  0.114651308710E-17 -0.516279792870E-04
  0.503032499797E-02 -0.411862947398E-02  0.107180158689E-02 -0.247166673159E-03  0.516279792870E-04  0.254544771532E-18
