 -0.729863517018E-17  0.290416110248E-02  0.421376124314E-01 -0.110682118241E-02 -0.134258660915E-01  0.958677630960E-02
 -0.290416110248E-02  0.295102161765E-16 -0.101293489016E-02 -0.241140293630E-01  0.284697519160E-02  0.129097700734E-01
 -0.421376124314E-01  0.101293489016E-02 -0.208998948945E-16  0.118668553617E-01 -0.823718386373E-02 -0.224580371630E-02
  0.110682118241E-02  0.241140293630E-01 -0.118668553617E-01  0.239042547856E-16  0.613573635651E-02 -0.320352711480E-02
  0.134258660915E-01 -0.284697519160E-02  0.823718386373E-02 -0.613573635651E-02 -0.461539345586E-17 -0.719308849304E-04
 -0.958677630960E-02 -0.129097700734E-01  0.224580371630E-02  0.320352711480E-02  0.719308849304E-04 -0.831063366157E-17
