  0.573423750107     -0.860956043361E-01 -0.893046645319E-01  0.148359298995E-01  0.139882265658E-01 -0.724355575061E-02
 -0.860956043361E-01  0.269185895168     -0.518479958509E-01 -0.543862955135E-01  0.349525722495E-01 -0.875023004043E-02
 -0.893046645319E-01 -0.518479958509E-01  0.112592952951     -0.249212340499E-01 -0.186809031805E-01  0.102998935187E-01
  0.148359298995E-01 -0.543862955135E-01 -0.249212340499E-01  0.318825469349E-01 -0.853385332935E-02  0.500712461569E-03
  0.139882265658E-01  0.349525722495E-01 -0.186809031805E-01 -0.853385332935E-02  0.108356324012E-01 -0.414754556409E-02
 -0.724355575061E-02 -0.875023004043E-02  0.102998935187E-01  0.500712461569E-03 -0.414754556409E-02  0.207922243720E-02
