  0.129950384324E-16  0.182912106344E-01 -0.185810775127E-01 -0.508974331243E-01  0.303760805881E-01 -0.310761345226E-02
 -0.182912106344E-01  0.571369150122E-17  0.151468418508E-01  0.833651912788E-03  0.596909956140E-02 -0.810994000626E-02
  0.185810775127E-01 -0.151468418508E-01  0.532177764374E-17  0.477870543213E-02 -0.624973789061E-02  0.419261496358E-02
  0.508974331243E-01 -0.833651912788E-03 -0.477870543213E-02 -0.104991659716E-16 -0.352515910608E-02  0.387399951244E-02
 -0.303760805881E-01 -0.596909956140E-02  0.624973789061E-02  0.352515910608E-02 -0.651814626132E-17 -0.253689348838E-02
  0.310761345226E-02  0.810994000626E-02 -0.419261496358E-02 -0.387399951244E-02  0.253689348838E-02 -0.161245479358E-17
