  0.750217828539     -0.633001891442E-02 -0.959764754782E-01  0.259859380651E-01  0.131444976330E-02 -0.964527875897E-02
 -0.633001891442E-02  0.214454092819     -0.157012608553E-01 -0.104245230888E-01 -0.327065971572E-02 -0.657996315707E-02
 -0.959764754782E-01 -0.157012608553E-01  0.216194471006E-01 -0.501726192170E-02 -0.453076386473E-02  0.159846620079E-02
  0.259859380651E-01 -0.104245230888E-01 -0.501726192170E-02  0.611230649190E-02  0.769814106678E-03 -0.852399742244E-03
  0.131444976330E-02 -0.327065971572E-02 -0.453076386473E-02  0.769814106678E-03  0.347971702173E-02 -0.174707348397E-04
 -0.964527875897E-02 -0.657996315707E-02  0.159846620079E-02 -0.852399742244E-03 -0.174707348397E-04  0.411660802793E-02
