 -0.692587032319E-17  0.522788086411E-02 -0.148908608574E-01 -0.354950099771E-02  0.653106103936E-03 -0.930552341734E-02
 -0.522788086411E-02 -0.328516004090E-16  0.253158692155E-01 -0.901449808686E-02 -0.754688710447E-02  0.224299542434E-02
  0.148908608574E-01 -0.253158692155E-01 -0.480286051343E-17 -0.127517079863E-01  0.393782606001E-02  0.205869891334E-03
  0.354950099771E-02  0.901449808686E-02  0.127517079863E-01 -0.276896824477E-16 -0.241943244828E-02  0.426935143171E-03
 -0.653106103936E-03  0.754688710447E-02 -0.393782606001E-02  0.241943244828E-02  0.388667469573E-18 -0.268959732449E-03
  0.930552341734E-02 -0.224299542434E-02 -0.205869891334E-03 -0.426935143171E-03  0.268959732449E-03  0.292219292027E-18
