 -0.121455936341E-16  0.106870983163E-01  0.737707293295E-02  0.121558898497E-01 -0.765091883121E-02 -0.176763172960E-03
 -0.106870983163E-01  0.324466846624E-16  0.370120397336E-01 -0.367179854451E-01  0.126773294426E-02  0.455184218608E-02
 -0.737707293295E-02 -0.370120397336E-01  0.405718128442E-16 -0.165431237837E-01  0.123436442450E-01 -0.378927618572E-02
 -0.121558898497E-01  0.367179854451E-01  0.165431237837E-01 -0.236494330750E-16 -0.849566434652E-02  0.336366512627E-02
  0.765091883121E-02 -0.126773294426E-02 -0.123436442450E-01  0.849566434652E-02 -0.759412159520E-17 -0.723618587797E-03
  0.176763172960E-03 -0.455184218608E-02  0.378927618572E-02 -0.336366512627E-02  0.723618587797E-03 -0.509184398146E-19
