 -0.247612003389E-16  0.247955032128E-01 -0.444221657239E-01  0.547377674200E-01 -0.375696750587E-01  0.104790805299E-01
 -0.247955032128E-01  0.375098377067E-16  0.135158197750E-02  0.227151506586E-01 -0.270836647444E-01  0.181176480989E-01
  0.444221657239E-01 -0.135158197750E-02  0.262889826620E-16 -0.110845188653E-01  0.791847416007E-02 -0.364345397203E-02
 -0.547377674200E-01 -0.227151506586E-01  0.110845188653E-01 -0.322503293734E-16  0.121117040718E-02 -0.129205675395E-02
  0.375696750587E-01  0.270836647444E-01 -0.791847416007E-02 -0.121117040718E-02  0.187613381068E-16  0.132636137324E-03
 -0.104790805299E-01 -0.181176480989E-01  0.364345397203E-02  0.129205675395E-02 -0.132636137324E-03  0.114669264273E-16
