  0.573890219684     -0.145391097987     -0.996508901432E-01  0.510439742155E-01  0.160249953819E-01 -0.293808747020E-01
 -0.145391097987      0.266282471845     -0.463221505586E-01 -0.420104901899E-01  0.119909079936E-01  0.119282442435E-01
 -0.996508901432E-01 -0.463221505586E-01  0.739402308208E-01 -0.163374301438E-01 -0.196178343548E-01  0.165928394312E-01
  0.510439742155E-01 -0.420104901899E-01 -0.163374301438E-01  0.546423628999E-01 -0.197017478652E-01 -0.100244429424E-01
  0.160249953819E-01  0.119909079936E-01 -0.196178343548E-01 -0.197017478652E-01  0.242253691415E-01 -0.552600726007E-02
 -0.293808747020E-01  0.119282442435E-01  0.165928394312E-01 -0.100244429424E-01 -0.552600726007E-02  0.701934560814E-02
