  0.406977704924     -0.139945405098     -0.638659231699E-01  0.208488653657E-01  0.158963370805E-01 -0.155827475318E-01
 -0.139945405098      0.265867018352     -0.611851877587E-01 -0.938643090286E-01  0.564088442325E-01 -0.248812843625E-02
 -0.638659231699E-01 -0.611851877587E-01  0.164687456052     -0.657517406943E-01 -0.265388047120E-01  0.245642362060E-01
  0.208488653657E-01 -0.938643090286E-01 -0.657517406943E-01  0.114263505868     -0.197583745200E-01 -0.183453511152E-01
  0.158963370805E-01  0.564088442325E-01 -0.265388047120E-01 -0.197583745200E-01  0.303033642721E-01 -0.152569625905E-01
 -0.155827475318E-01 -0.248812843625E-02  0.245642362060E-01 -0.183453511152E-01 -0.152569625905E-01  0.179009505324E-01
