  0.348714177327     -0.161000726984     -0.280762073651E-01  0.443142702412E-01 -0.126098375971E-01  0.584349730358E-02
 -0.161000726984      0.310936895878     -0.142669404173     -0.286963353615E-01  0.393882206153E-01 -0.159488706808E-01
 -0.280762073651E-01 -0.142669404173      0.179350603127     -0.631554672586E-01  0.333605746141E-03  0.512994933091E-02
  0.443142702412E-01 -0.286963353615E-01 -0.631554672586E-01  0.813188039228E-01 -0.481381543372E-01  0.199200779872E-01
 -0.126098375971E-01  0.393882206153E-01  0.333605746141E-03 -0.481381543372E-01  0.581207373155E-01 -0.334221883492E-01
  0.584349730358E-02 -0.159488706808E-01  0.512994933091E-02  0.199200779872E-01 -0.334221883492E-01  0.215587824294E-01
