  0.175596508026E-17 -0.587307218959E-02  0.326964803809E-01 -0.348217028008E-02 -0.113504727746E-01  0.986906599882E-02
  0.587307218959E-02  0.510788907692E-17  0.271866729913E-02 -0.187209248428E-01  0.136690356135E-02  0.975574028939E-02
 -0.326964803809E-01 -0.271866729913E-02  0.236316795848E-17  0.133628763610E-01 -0.197606960989E-01  0.916988875630E-02
  0.348217028008E-02  0.187209248428E-01 -0.133628763610E-01 -0.136538593157E-16  0.638762334988E-02 -0.138988779772E-02
  0.113504727746E-01 -0.136690356135E-02  0.197606960989E-01 -0.638762334988E-02  0.112250478028E-16 -0.477331090192E-02
 -0.986906599882E-02 -0.975574028939E-02 -0.916988875630E-02  0.138988779772E-02  0.477331090192E-02  0.286575142187E-17
