 -0.161211928127E-16 -0.596006588553E-02 -0.206666368606E-01  0.113042146370E-01  0.229119784592E-01 -0.138810972077E-01
  0.596006588553E-02 -0.260716181028E-16  0.110181899528E-01  0.938613739213E-02 -0.166511058319E-01  0.820842018315E-02
  0.206666368606E-01 -0.110181899528E-01 -0.875436913186E-16  0.397075021846E-02  0.366577526255E-02 -0.151202078525E-02
 -0.113042146370E-01 -0.938613739213E-02 -0.397075021846E-02 -0.443533314697E-16  0.615209549404E-02 -0.418320913653E-02
 -0.229119784592E-01  0.166511058319E-01 -0.366577526255E-02 -0.615209549404E-02 -0.601537045249E-17 -0.266058732378E-02
  0.138810972077E-01 -0.820842018315E-02  0.151202078525E-02  0.418320913653E-02  0.266058732378E-02 -0.203645353860E-16
