 -0.330563690844E-16  0.418826245454E-02 -0.298604991021E-01  0.250093743055E-01  0.163409080367E-02 -0.103997527096E-01
 -0.418826245454E-02  0.853382800849E-17 -0.378318210857E-02  0.348989655919E-01 -0.304966571703E-01  0.534989918633E-02
  0.298604991021E-01  0.378318210857E-02  0.732866909126E-17 -0.197713532538E-01  0.103844978666E-01  0.371997000971E-02
 -0.250093743055E-01 -0.348989655919E-01  0.197713532538E-01 -0.912012153579E-17  0.140563433956E-01 -0.149340774990E-01
 -0.163409080367E-02  0.304966571703E-01 -0.103844978666E-01 -0.140563433956E-01  0.217580042354E-16  0.828036609231E-02
  0.103997527096E-01 -0.534989918633E-02 -0.371997000971E-02  0.149340774990E-01 -0.828036609231E-02  0.312588094156E-17
