  0.495853688233     -0.171738723755E-01 -0.149558679657      0.320243660579E-01  0.142741961719E-01 -0.992957627424E-02
 -0.171738723755E-01  0.313280039478     -0.387057519522E-01 -0.331586258388E-01  0.121309618280E-01 -0.643580517551E-02
 -0.149558679657     -0.387057519522E-01  0.147278673691     -0.183415563900E-01 -0.392185608501E-01  0.214784807847E-01
  0.320243660579E-01 -0.331586258388E-01 -0.183415563900E-01  0.198550279239E-01 -0.155729811799E-02 -0.253626490193E-02
  0.142741961719E-01  0.121309618280E-01 -0.392185608501E-01 -0.155729811799E-02  0.181298386799E-01 -0.903704480988E-02
 -0.992957627424E-02 -0.643580517551E-02  0.214784807847E-01 -0.253626490193E-02 -0.903704480988E-02  0.560273199391E-02
