  0.598629208605     -0.865629343874E-01 -0.951516652929E-01  0.319361218278E-01  0.160971545911E-01 -0.964920679769E-02
 -0.865629343874E-01  0.237752019588     -0.344642998497E-01 -0.548325590716E-01  0.133610720624E-01  0.299315690000E-02
 -0.951516652929E-01 -0.344642998497E-01  0.127317890139     -0.390239600526E-01 -0.138549945884E-01  0.110385078132E-01
  0.319361218278E-01 -0.548325590716E-01 -0.390239600526E-01  0.328485368936E-01  0.607870923429E-03 -0.516410836546E-02
  0.160971545911E-01  0.133610720624E-01 -0.138549945884E-01  0.607870923429E-03  0.231359107431E-02 -0.938976829685E-03
 -0.964920679769E-02  0.299315690000E-02  0.110385078132E-01 -0.516410836546E-02 -0.938976829685E-03  0.113875370029E-02
