  0.228317915130E-16  0.178068663164E-01  0.619554645142E-02 -0.315282375999E-02 -0.220362984424E-02  0.595852120688E-02
 -0.178068663164E-01 -0.130575621816E-16 -0.828334513614E-03 -0.389144458570E-02 -0.449343576324E-02  0.328978307667E-02
 -0.619554645142E-02  0.828334513614E-03 -0.345732142871E-17  0.178503189804E-01 -0.823826954655E-02  0.294074433803E-02
  0.315282375999E-02  0.389144458570E-02 -0.178503189804E-01  0.121679754179E-16 -0.392079727415E-04 -0.949102441414E-03
  0.220362984424E-02  0.449343576324E-02  0.823826954655E-02  0.392079727415E-04  0.202051252327E-18 -0.207734170499E-02
 -0.595852120688E-02 -0.328978307667E-02 -0.294074433803E-02  0.949102441414E-03  0.207734170499E-02  0.353730004942E-17
