  0.573570681557     -0.103842847840     -0.132037795020      0.344414007986E-01  0.400665508605E-01 -0.166667881689E-01
 -0.103842847840      0.252325138525     -0.148512849008E-01 -0.750081922482E-01  0.299905366518E-01 -0.254519981335E-02
 -0.132037795020     -0.148512849008E-01  0.104127770285     -0.326640365059E-01 -0.208346627430E-01  0.151091306149E-01
  0.344414007986E-01 -0.750081922482E-01 -0.326640365059E-01  0.540451467330E-01 -0.646027249479E-02 -0.939816604626E-02
  0.400665508605E-01  0.299905366518E-01 -0.208346627430E-01 -0.646027249479E-02  0.107871540130E-01 -0.311894800963E-02
 -0.166667881689E-01 -0.254519981335E-02  0.151091306149E-01 -0.939816604626E-02 -0.311894800963E-02  0.514410888761E-02
