  0.532707927590     -0.114112657339     -0.934389078502E-01  0.323889403646E-01  0.310936005241E-01 -0.147068382095E-01
 -0.114112657339      0.231730423835     -0.365675998577E-01 -0.698505644976E-01  0.340418546315E-01  0.747454901643E-02
 -0.934389078502E-01 -0.365675998577E-01  0.144231243138     -0.475921561171E-01 -0.425732246789E-01  0.276951680480E-01
  0.323889403646E-01 -0.698505644976E-01 -0.475921561171E-01  0.628570179742E-01 -0.146666653646E-02 -0.177576154401E-01
  0.310936005241E-01  0.340418546315E-01 -0.425732246789E-01 -0.146666653646E-02  0.198843020834E-01 -0.690581001142E-02
 -0.147068382095E-01  0.747454901643E-02  0.276951680480E-01 -0.177576154401E-01 -0.690581001142E-02  0.858908537988E-02
