  0.763133919005     -0.669072226586E-02 -0.114895924352E-01  0.311937108287E-01 -0.207906366057E-02 -0.448914312222E-02
 -0.669072226586E-02  0.171981836033     -0.287888763957E-01  0.565184568204E-02 -0.129826856170E-01 -0.105034623983E-01
 -0.114895924352E-01 -0.287888763957E-01  0.229285561606E-01 -0.307141311746E-02 -0.960929972999E-02  0.849517756480E-02
  0.311937108287E-01  0.565184568204E-02 -0.307141311746E-02  0.200882032284E-01 -0.321012737247E-02  0.166618201042E-02
 -0.207906366057E-02 -0.129826856170E-01 -0.960929972999E-02 -0.321012737247E-02  0.138038647153E-01 -0.691953728929E-02
 -0.448914312222E-02 -0.105034623983E-01  0.849517756480E-02  0.166618201042E-02 -0.691953728929E-02  0.806362085791E-02
