  0.538143242892     -0.185154470377     -0.528136833575E-01  0.417896243344E-01  0.118502808861E-01 -0.321102291668E-01
 -0.185154470377      0.249799318492     -0.520464374468E-01 -0.468000939298E-01  0.138748880580E-01  0.138320228526E-01
 -0.528136833575E-01 -0.520464374468E-01  0.114523763073     -0.496601500132E-01 -0.145754713631E-01  0.229555341235E-01
  0.417896243344E-01 -0.468000939298E-01 -0.496601500132E-01  0.683087844914E-01 -0.135624443572E-01 -0.127417618692E-01
  0.118502808861E-01  0.138748880580E-01 -0.145754713631E-01 -0.135624443572E-01  0.186467800995E-01 -0.843586850411E-02
 -0.321102291668E-01  0.138320228526E-01  0.229555341235E-01 -0.127417618692E-01 -0.843586850411E-02  0.105781109521E-01
