  0.428453815771     -0.207477613123     -0.212736188925E-01  0.616380719481E-01 -0.345481655009E-01  0.134731433878E-01
 -0.207477613123      0.296451695249     -0.860315134127E-01 -0.450099909227E-01  0.309015614350E-01 -0.908766537190E-02
 -0.212736188925E-01 -0.860315134127E-01  0.131508827961     -0.671188557388E-01  0.216412211856E-01 -0.174948194231E-02
  0.616380719481E-01 -0.450099909227E-01 -0.671188557388E-01  0.913697943245E-01 -0.542112081956E-01  0.154095511248E-01
 -0.345481655009E-01  0.309015614350E-01  0.216412211856E-01 -0.542112081956E-01  0.448460700661E-01 -0.166008016971E-01
  0.134731433878E-01 -0.908766537190E-02 -0.174948194231E-02  0.154095511248E-01 -0.166008016971E-01  0.736979662953E-02
