  0.663272941782     -0.394549931102E-01 -0.383369924657E-01  0.252977653292E-01  0.719678813926E-02  0.101883757905E-02
 -0.394549931102E-01  0.283795067000     -0.569795575686E-01 -0.123484272053E-03 -0.101955282008E-01  0.390499314061E-02
 -0.383369924657E-01 -0.569795575686E-01  0.410194204034E-01 -0.670617889214E-02 -0.456578054409E-02  0.365187956737E-02
  0.252977653292E-01 -0.123484272053E-03 -0.670617889214E-02  0.633827086954E-02  0.105610011863E-02 -0.109108988907E-02
  0.719678813926E-02 -0.101955282008E-01 -0.456578054409E-02  0.105610011863E-02  0.238123323932E-02 -0.189974450157E-02
  0.101883757905E-02  0.390499314061E-02  0.365187956737E-02 -0.109108988907E-02 -0.189974450157E-02  0.319306670521E-02
