  0.107854895231E-16  0.235620236278E-01 -0.155061960177E-01 -0.256923032050E-01  0.327504730703E-01 -0.288609961807E-02
 -0.235620236278E-01  0.209506229383E-17 -0.225412645215E-02  0.173587767719E-01 -0.852010487098E-02 -0.462540804259E-02
  0.155061960177E-01  0.225412645215E-02  0.147810726120E-16  0.603005141962E-02 -0.123942462941E-01  0.820273482120E-02
  0.256923032050E-01 -0.173587767719E-01 -0.603005141962E-02 -0.807551284168E-17  0.389753463230E-02 -0.117257746769E-02
 -0.327504730703E-01  0.852010487098E-02  0.123942462941E-01 -0.389753463230E-02 -0.979509643869E-18 -0.599997205433E-03
  0.288609961807E-02  0.462540804259E-02 -0.820273482120E-02  0.117257746769E-02  0.599997205433E-03 -0.668651374947E-18
