  0.439370514741     -0.211067342301     -0.259707474685E-01  0.571977033152E-01 -0.281062684753E-01  0.998049902085E-02
 -0.211067342301      0.283533303956     -0.741516869200E-01 -0.469375196118E-01  0.374798820559E-01 -0.127818258851E-01
 -0.259707474685E-01 -0.741516869200E-01  0.133578908623     -0.735580964005E-01  0.229047934478E-01 -0.797690173292E-02
  0.571977033152E-01 -0.469375196118E-01 -0.735580964005E-01  0.896375569961E-01 -0.512811590489E-01  0.190385833474E-01
 -0.281062684753E-01  0.374798820559E-01  0.229047934478E-01 -0.512811590489E-01  0.440299746046E-01 -0.180890514747E-01
  0.998049902085E-02 -0.127818258851E-01 -0.797690173292E-02  0.190385833474E-01 -0.180890514747E-01  0.984974107948E-02
