 -0.637132588291E-17 -0.160928483376E-01  0.111339117726E-01  0.815740002637E-02  0.480633374500E-02 -0.201205909632E-02
  0.160928483376E-01 -0.753943411640E-16  0.180097933236E-01 -0.920586024623E-02 -0.733793942464E-02  0.133832075471E-01
 -0.111339117726E-01 -0.180097933236E-01 -0.101421885196E-15 -0.844188288849E-03  0.311148979968E-02 -0.651416409102E-02
 -0.815740002637E-02  0.920586024623E-02  0.844188288849E-03 -0.452885375914E-17  0.208467276112E-02 -0.379902486631E-03
 -0.480633374500E-02  0.733793942464E-02 -0.311148979968E-02 -0.208467276112E-02  0.229115704510E-18 -0.957396091426E-03
  0.201205909632E-02 -0.133832075471E-01  0.651416409102E-02  0.379902486631E-03  0.957396091426E-03 -0.294652342487E-17
