  0.553801695713     -0.151905358202     -0.656156692930E-01  0.397342632604E-01  0.152994675367E-02 -0.170823688334E-01
 -0.151905358202      0.280756631177     -0.605661014149E-01 -0.553670586737E-01  0.258934262472E-01  0.820583948441E-02
 -0.656156692930E-01 -0.605661014149E-01  0.776939910833E-01 -0.206991047686E-01 -0.138502527184E-01  0.139881475530E-01
  0.397342632604E-01 -0.553670586737E-01 -0.206991047686E-01  0.586137426713E-01 -0.173374510215E-01 -0.124745310139E-01
  0.152994675367E-02  0.258934262472E-01 -0.138502527184E-01 -0.173374510215E-01  0.199771848516E-01 -0.542234934128E-02
 -0.170823688334E-01  0.820583948441E-02  0.139881475530E-01 -0.124745310139E-01 -0.542234934128E-02  0.915675450378E-02
