  0.449773325380     -0.727156123103E-01 -0.813696511824E-01  0.152703828532E-01  0.280782121795E-01 -0.828703764042E-02
 -0.727156123103E-01  0.262510052789     -0.408080500846E-01 -0.957803978506E-01  0.478496908625E-01  0.652062792409E-02
 -0.813696511824E-01 -0.408080500846E-01  0.163233298340     -0.613615075689E-01 -0.570558208929E-01  0.368686593300E-01
  0.152703828532E-01 -0.957803978506E-01 -0.613615075689E-01  0.854055797498E-01  0.200495334358E-02 -0.249713772231E-01
  0.280782121795E-01  0.478496908625E-01 -0.570558208929E-01  0.200495334358E-02  0.283918387920E-01 -0.897454000227E-02
 -0.828703764042E-02  0.652062792409E-02  0.368686593300E-01 -0.249713772231E-01 -0.897454000227E-02  0.106859049498E-01
