  0.382846005999     -0.134180487644     -0.510291046078E-01  0.360620285197E-02  0.412478494054E-01 -0.239122164002E-01
 -0.134180487644      0.292007238160     -0.802873710933E-01 -0.602220756595E-01  0.338659708848E-01 -0.156010968997E-02
 -0.510291046078E-01 -0.802873710933E-01  0.176731504387     -0.631950449170E-01 -0.366131376393E-01  0.395247873290E-01
  0.360620285197E-02 -0.602220756595E-01 -0.631950449170E-01  0.922340230871E-01 -0.273413339447E-01 -0.103456452109E-01
  0.412478494054E-01  0.338659708848E-01 -0.366131376393E-01 -0.273413339447E-01  0.423203374939E-01 -0.176689777240E-01
 -0.239122164002E-01 -0.156010968997E-02  0.395247873290E-01 -0.103456452109E-01 -0.176689777240E-01  0.138608908729E-01
