  0.439497629819     -0.179703379558     -0.446870710403E-01  0.259856907779E-01  0.205318169655E-01 -0.204781198267E-01
 -0.179703379558      0.293410289812     -0.801448866806E-01 -0.491691877060E-01  0.255635408132E-01  0.237700475406E-02
 -0.446870710403E-01 -0.801448866806E-01  0.157708000711     -0.505194053818E-01 -0.305295300115E-01  0.299049663077E-01
  0.259856907779E-01 -0.491691877060E-01 -0.505194053818E-01  0.620255771467E-01 -0.154732829984E-01 -0.656231600737E-02
  0.205318169655E-01  0.255635408132E-01 -0.305295300115E-01 -0.154732829984E-01  0.337496183116E-01 -0.177993474864E-01
 -0.204781198267E-01  0.237700475406E-02  0.299049663077E-01 -0.656231600737E-02 -0.177993474864E-01  0.136088841994E-01
