  0.233488393531     -0.967916325937E-01 -0.339759364306E-01  0.274740800012E-01  0.144978837138E-02 -0.527319927800E-02
 -0.967916325937E-01  0.246934953722     -0.245592208633      0.116066212724     -0.331065713640E-01  0.577883101459E-02
 -0.339759364306E-01 -0.245592208633      0.374428306394     -0.195316990286      0.504301656376E-01 -0.465581477696E-02
  0.274740800012E-01  0.116066212724     -0.195316990286      0.117873294544     -0.409497251449E-01  0.873107279255E-02
  0.144978837138E-02 -0.331065713640E-01  0.504301656376E-01 -0.409497251449E-01  0.230813276620E-01 -0.844830979260E-02
 -0.527319927800E-02  0.577883101459E-02 -0.465581477696E-02  0.873107279255E-02 -0.844830979260E-02  0.419372414584E-02
