  0.877798615122     -0.103033073624      0.762046070749E-02  0.116596595966E-03  0.253179552107E-02 -0.175210217449E-02
 -0.103033073624      0.183561930960E-01  0.154503861827E-01  0.672696572591E-03 -0.208685716485E-02  0.617631015503E-03
  0.762046070749E-02  0.154503861827E-01  0.933625849411E-01 -0.201566797180E-01 -0.481235575976E-02  0.146307571213E-02
  0.116596595966E-03  0.672696572591E-03 -0.201566797180E-01  0.990386884766E-02 -0.183009606429E-03 -0.611865995317E-04
  0.253179552107E-02 -0.208685716485E-02 -0.481235575976E-02 -0.183009606429E-03  0.529972728571E-03 -0.136733823905E-03
 -0.175210217449E-02  0.617631015503E-03  0.146307571213E-02 -0.611865995317E-04 -0.136733823905E-03  0.487652649400E-04
