  0.105126496654E-16 -0.985184094495E-02  0.749397635125E-02 -0.369885669455E-02 -0.781714951718E-02  0.177082576908E-02
  0.985184094495E-02 -0.372723957719E-16  0.953923660966E-02 -0.173079635661E-02  0.875322832291E-02 -0.305624282607E-02
 -0.749397635125E-02 -0.953923660966E-02 -0.965293513031E-19  0.123453571258E-01 -0.928748364804E-02 -0.261618249918E-02
  0.369885669455E-02  0.173079635661E-02 -0.123453571258E-01  0.675705459122E-18 -0.151990476518E-02  0.427574812805E-02
  0.781714951718E-02 -0.875322832291E-02  0.928748364804E-02  0.151990476518E-02  0.418696061277E-17 -0.905169154283E-03
 -0.177082576908E-02  0.305624282607E-02  0.261618249918E-02 -0.427574812805E-02  0.905169154283E-03  0.625216083577E-17
