  0.890255569998     -0.191593161625      0.561397991166E-01 -0.208104782465E-01  0.658726982575E-02  0.511896759351E-03
 -0.191593161625      0.645502088388E-01  0.954828286477E-02 -0.353239975212E-02 -0.215450425025E-03 -0.360618430725E-04
  0.561397991166E-01  0.954828286477E-02  0.390319297360E-01 -0.139029333057E-01  0.249508715646E-02  0.290029776659E-03
 -0.208104782465E-01 -0.353239975212E-02 -0.139029333057E-01  0.554839997482E-02 -0.123745026503E-02  0.202975164604E-04
  0.658726982575E-02 -0.215450425025E-03  0.249508715646E-02 -0.123745026503E-02  0.511092648909E-03 -0.144195060506E-03
  0.511896759351E-03 -0.360618430725E-04  0.290029776659E-03  0.202975164604E-04 -0.144195060506E-03  0.102798803080E-03
