 -0.344203298718E-17 -0.621761182260E-03 -0.196253483553E-01 -0.963523764042E-03  0.748337485479E-02 -0.170033607003E-02
  0.621761182260E-03  0.174697078182E-16 -0.499500317500E-03  0.109357672126E-01  0.296187589145E-02 -0.617295481008E-02
  0.196253483553E-01  0.499500317500E-03  0.156220096797E-16  0.419054270437E-02 -0.470085839259E-02 -0.783468343279E-03
  0.963523764042E-03 -0.109357672126E-01 -0.419054270437E-02 -0.617959243659E-18  0.229129153121E-02  0.100451241649E-03
 -0.748337485479E-02 -0.296187589145E-02  0.470085839259E-02 -0.229129153121E-02 -0.478300454592E-17  0.129894044518E-02
  0.170033607003E-02  0.617295481008E-02  0.783468343279E-03 -0.100451241649E-03 -0.129894044518E-02 -0.207595683417E-17
