  0.402254630743     -0.419028573621      0.127160646357     -0.183432662229E-01  0.118502342834E-01 -0.377824104535E-02
 -0.419028573621      0.483349895721     -0.180064362390      0.388252105607E-01 -0.156686853305E-01  0.378489921948E-02
  0.127160646357     -0.180064362390      0.100659715328     -0.320754747528E-01  0.741947246121E-02 -0.682704160784E-03
 -0.183432662229E-01  0.388252105607E-01 -0.320754747528E-01  0.125771594253E-01 -0.241566867251E-02 -0.259232925565E-04
  0.118502342834E-01 -0.156686853305E-01  0.741947246121E-02 -0.241566867251E-02  0.108206635613E-02 -0.152976496828E-03
 -0.377824104535E-02  0.378489921948E-02 -0.682704160784E-03 -0.259232925565E-04 -0.152976496828E-03  0.765324260949E-04
