  0.624014171117     -0.381221015205E-01 -0.974952510034E-01  0.182943640368E-01  0.213428945655E-02  0.665341862946E-02
 -0.381221015205E-01  0.263307258957     -0.625571652257E-01 -0.289231018060E-01  0.184918635769E-01 -0.221200937784E-02
 -0.974952510034E-01 -0.625571652257E-01  0.891526379030E-01 -0.284039854144E-02 -0.130117105388E-01  0.212589606752E-02
  0.182943640368E-01 -0.289231018060E-01 -0.284039854144E-02  0.111535575393E-01 -0.531510306596E-02 -0.157308508410E-02
  0.213428945655E-02  0.184918635769E-01 -0.130117105388E-01 -0.531510306596E-02  0.100371404181E-01 -0.209815411792E-02
  0.665341862946E-02 -0.221200937784E-02  0.212589606752E-02 -0.157308508410E-02 -0.209815411792E-02  0.233523406584E-02
