  0.294026643199     -0.268462018722E-01 -0.107408652761E-01 -0.170214141583E-01  0.129172790246E-01 -0.502514248729E-02
 -0.268462018722E-01  0.522753223584     -0.247107805174      0.380121756034E-01 -0.128135337205E-02  0.448893389751E-03
 -0.107408652761E-01 -0.247107805174      0.157260215786     -0.410156208501E-01  0.384743940131E-02  0.493703953230E-03
 -0.170214141583E-01  0.380121756034E-01 -0.410156208501E-01  0.224643086291E-01 -0.620308495046E-02  0.100367574564E-02
  0.129172790246E-01 -0.128135337205E-02  0.384743940131E-02 -0.620308495046E-02  0.313126557089E-02 -0.871628167710E-03
 -0.502514248729E-02  0.448893389751E-03  0.493703953230E-03  0.100367574564E-02 -0.871628167710E-03  0.364343230756E-03
