  0.150303738094E-16  0.136960495884E-01  0.216702553310E-02  0.531369558521E-02  0.443368452601E-02 -0.151573217978E-02
 -0.136960495884E-01 -0.199678879111E-18 -0.136901388162E-01  0.789674594449E-02 -0.105847915894E-01  0.306325775889E-02
 -0.216702553310E-02  0.136901388162E-01 -0.784193416144E-17  0.191309468763E-02 -0.495435332898E-02  0.283932923562E-02
 -0.531369558521E-02 -0.789674594449E-02 -0.191309468763E-02 -0.145635920141E-16  0.865150220523E-02 -0.570396124610E-02
 -0.443368452601E-02  0.105847915894E-01  0.495435332898E-02 -0.865150220523E-02 -0.265546976895E-17  0.279227382625E-02
  0.151573217978E-02 -0.306325775889E-02 -0.283932923562E-02  0.570396124610E-02 -0.279227382625E-02 -0.215918995740E-17
