 -0.123244665944E-16  0.361770860974E-03  0.246536808032E-01  0.553704827565E-02 -0.701811398037E-02  0.584983108138E-02
 -0.361770860974E-03  0.677165312760E-17  0.497973007595E-01 -0.155205100000E-01 -0.281538565433E-01  0.187676606246E-02
 -0.246536808032E-01 -0.497973007595E-01 -0.459048020484E-16 -0.396726927902E-02  0.231330636133E-02 -0.917902780874E-03
 -0.553704827565E-02  0.155205100000E-01  0.396726927902E-02  0.909063309990E-17 -0.316052138069E-02  0.135617321252E-02
  0.701811398037E-02  0.281538565433E-01 -0.231330636133E-02  0.316052138069E-02 -0.935698285951E-17 -0.403057465381E-02
 -0.584983108138E-02 -0.187676606246E-02  0.917902780874E-03 -0.135617321252E-02  0.403057465381E-02 -0.664173524214E-17
