  0.667512351920     -0.407015982978E-01 -0.928135402718E-01  0.122379964495E-01  0.110278460286E-01 -0.933926178604E-02
 -0.407015982978E-01  0.231148182909     -0.141820197788E-01 -0.136734351262E-01  0.900253006439E-02 -0.690780978726E-02
 -0.928135402718E-01 -0.141820197788E-01  0.834203237138E-01 -0.179433205282E-01 -0.190532371080E-01  0.696542928877E-02
  0.122379964495E-01 -0.136734351262E-01 -0.179433205282E-01  0.113136404259E-01  0.190033632310E-02 -0.164167444104E-02
  0.110278460286E-01  0.900253006439E-02 -0.190532371080E-01  0.190033632310E-02  0.576610276824E-02 -0.155823973073E-02
 -0.933926178604E-02 -0.690780978726E-02  0.696542928877E-02 -0.164167444104E-02 -0.155823973073E-02  0.839398263079E-03
