  0.546584100858     -0.224644082310E-01 -0.133241405355      0.246369192872E-01  0.213203190480E-01 -0.199093544527E-01
 -0.224644082310E-01  0.257028174549      0.489397965636E-03 -0.650792703307E-01  0.629514912300E-02  0.392542897219E-02
 -0.133241405355      0.489397965636E-03  0.136054282163     -0.144598885281E-01 -0.289970766985E-01  0.138658852825E-01
  0.246369192872E-01 -0.650792703307E-01 -0.144598885281E-01  0.420184017480E-01 -0.754940236022E-02 -0.528462952319E-02
  0.213203190480E-01  0.629514912300E-02 -0.289970766985E-01 -0.754940236022E-02  0.158042716031E-01 -0.360822969542E-02
 -0.199093544527E-01  0.392542897219E-02  0.138658852825E-01 -0.528462952319E-02 -0.360822969542E-02  0.251076907920E-02
