 -0.206027799555E-17  0.123080548966E-01 -0.818579541482E-02  0.288177329895E-01 -0.238143331086E-01  0.534556449598E-02
 -0.123080548966E-01 -0.907014814773E-18 -0.603034293685E-02  0.112082391301E-01 -0.313797124639E-01  0.143507577177E-01
  0.818579541482E-02  0.603034293685E-02 -0.945593725446E-17 -0.198211786742E-02 -0.293736324729E-02  0.904689824441E-02
 -0.288177329895E-01 -0.112082391301E-01  0.198211786742E-02 -0.121482527227E-16  0.170397365370E-01 -0.125427949011E-01
  0.238143331086E-01  0.313797124639E-01  0.293736324729E-02 -0.170397365370E-01 -0.107035956422E-16  0.440836082389E-02
 -0.534556449598E-02 -0.143507577177E-01 -0.904689824441E-02  0.125427949011E-01 -0.440836082389E-02  0.134656814809E-16
