  0.427533997903      0.830562442687E-02 -0.996173979386E-01  0.340820193405E-01 -0.110775394909E-01  0.576904792083E-02
  0.830562442687E-02  0.343389194548     -0.116513743196      0.269686040301E-01 -0.101608152574E-01  0.698814533735E-02
 -0.996173979386E-01 -0.116513743196      0.148454293613     -0.783796864826E-01  0.119738585575E-01  0.255971579443E-03
  0.340820193405E-01  0.269686040301E-01 -0.783796864826E-01  0.713791929335E-01 -0.189581627554E-01  0.592402683590E-03
 -0.110775394909E-01 -0.101608152574E-01  0.119738585575E-01 -0.189581627554E-01  0.856432698378E-02 -0.149633908915E-02
  0.576904792083E-02  0.698814533735E-02  0.255971579443E-03  0.592402683590E-03 -0.149633908915E-02  0.678994018959E-03
