 -0.428245474030E-17  0.174693234031E-01  0.118000168521E-01  0.169248516141E-02  0.315948139507E-03 -0.334612673729E-02
 -0.174693234031E-01  0.174759007027E-17 -0.131602342316E-01  0.152739252006E-01 -0.183940793715E-01  0.143708538294E-01
 -0.118000168521E-01  0.131602342316E-01  0.274901808806E-18  0.621688946902E-02 -0.137886977567E-01  0.805390706509E-02
 -0.169248516141E-02 -0.152739252006E-01 -0.621688946902E-02  0.300035688468E-16  0.131824039558E-01 -0.107297790407E-01
 -0.315948139507E-03  0.183940793715E-01  0.137886977567E-01 -0.131824039558E-01  0.259193134017E-17  0.315112405637E-02
  0.334612673729E-02 -0.143708538294E-01 -0.805390706509E-02  0.107297790407E-01 -0.315112405637E-02 -0.603065843068E-17
