 -0.205063389717E-16  0.806801233193E-02 -0.273364861562E-01 -0.844277584337E-03 -0.343000319139E-03  0.703696271556E-02
 -0.806801233193E-02  0.880720968657E-17 -0.890736175420E-02  0.202637893750E-01  0.300524029154E-03 -0.761483326448E-02
  0.273364861562E-01  0.890736175420E-02 -0.245024460534E-16 -0.190362121702E-02 -0.357169128389E-02 -0.214535624328E-02
  0.844277584337E-03 -0.202637893750E-01  0.190362121702E-02  0.189289282816E-16  0.269943941738E-02  0.182521869249E-02
  0.343000319139E-03 -0.300524029154E-03  0.357169128389E-02 -0.269943941738E-02  0.536976889099E-17  0.186739738286E-02
 -0.703696271556E-02  0.761483326448E-02  0.214535624328E-02 -0.182521869249E-02 -0.186739738286E-02  0.109683444889E-16
