 -0.455106262024E-17 -0.986709745842E-02  0.149629097847E-01  0.501425013359E-02 -0.557716044122E-02  0.508513624934E-03
  0.986709745842E-02 -0.394194324887E-17  0.408048692442E-01 -0.311613540100E-01  0.389263000542E-02  0.427277527071E-02
 -0.149629097847E-01 -0.408048692442E-01 -0.111770928552E-16  0.408962513265E-02 -0.496619099573E-03 -0.200662248459E-02
 -0.501425013359E-02  0.311613540100E-01 -0.408962513265E-02 -0.487295497097E-17 -0.324336899877E-02  0.224760368978E-02
  0.557716044122E-02 -0.389263000542E-02  0.496619099573E-03  0.324336899877E-02 -0.112645815454E-16 -0.857850043503E-03
 -0.508513624934E-03 -0.427277527071E-02  0.200662248459E-02 -0.224760368978E-02  0.857850043503E-03 -0.950872067453E-18
