  0.233568809407E-18  0.649360278533E-01 -0.137333469865E-01  0.159738445426E-01 -0.855111814347E-02 -0.421537904650E-02
 -0.649360278533E-01 -0.158584287261E-16 -0.267855598965E-01  0.160837627347E-02  0.291069514135E-02  0.690951481966E-03
  0.137333469865E-01  0.267855598965E-01 -0.165080818627E-16 -0.126615349186E-01  0.314550014373E-02  0.369759921510E-03
 -0.159738445426E-01 -0.160837627347E-02  0.126615349186E-01 -0.157039925188E-16 -0.438109273755E-02  0.121955393845E-02
  0.855111814347E-02 -0.291069514135E-02 -0.314550014373E-02  0.438109273755E-02  0.159796802938E-17 -0.732812831243E-03
  0.421537904650E-02 -0.690951481966E-03 -0.369759921510E-03 -0.121955393845E-02  0.732812831243E-03  0.609448669354E-18
