  0.291034058078     -0.132264379134     -0.300239450825E-01  0.554735499124E-01 -0.319335989755E-01  0.120276320609E-01
 -0.132264379134      0.225207661523     -0.159418404504      0.572820848396E-01 -0.131783757293E-01  0.309629879141E-02
 -0.300239450825E-01 -0.159418404504      0.272061161137     -0.167065674882      0.566582125039E-01 -0.140519987265E-01
  0.554735499124E-01  0.572820848396E-01 -0.167065674882      0.143678577452     -0.738613790423E-01  0.268738935200E-01
 -0.319335989755E-01 -0.131783757293E-01  0.566582125039E-01 -0.738613790423E-01  0.552434568470E-01 -0.251404611707E-01
  0.120276320609E-01  0.309629879141E-02 -0.140519987265E-01  0.268738935200E-01 -0.251404611707E-01  0.127750849627E-01
