  0.640100319229     -0.396177087865E-01 -0.117850704016      0.267708027470E-01  0.190394624269E-01 -0.141063537812E-01
 -0.396177087865E-01  0.236193157989     -0.250321867042E-01 -0.324706834293E-01  0.137077986816E-01 -0.414038278049E-02
 -0.117850704016     -0.250321867042E-01  0.917388718079E-01 -0.213771319144E-01 -0.847208704691E-02  0.395135193014E-02
  0.267708027470E-01 -0.324706834293E-01 -0.213771319144E-01  0.242047773095E-01 -0.766748274441E-02  0.233380462469E-02
  0.190394624269E-01  0.137077986816E-01 -0.847208704691E-02 -0.766748274441E-02  0.673111518553E-02 -0.240324387284E-02
 -0.141063537812E-01 -0.414038278049E-02  0.395135193014E-02  0.233380462469E-02 -0.240324387284E-02  0.103175847927E-02
