  0.841381264034E-17 -0.552272251673E-02 -0.205878038173E-02  0.275801935201E-02 -0.171721795751E-01 -0.533095469950E-02
  0.552272251673E-02  0.259611617288E-16  0.209456010773E-01  0.201984147692E-02 -0.161968176633E-01  0.206650745017E-01
  0.205878038173E-02 -0.209456010773E-01  0.754531752082E-16 -0.178961543552E-01  0.583115711078E-02 -0.322882950162E-02
 -0.275801935201E-02 -0.201984147692E-02  0.178961543552E-01  0.207257743460E-16 -0.625670437658E-02  0.293290846390E-03
  0.171721795751E-01  0.161968176633E-01 -0.583115711078E-02  0.625670437658E-02 -0.323094948024E-17 -0.819449262757E-03
  0.533095469950E-02 -0.206650745017E-01  0.322882950162E-02 -0.293290846390E-03  0.819449262757E-03  0.141772813968E-16
