  0.450760837217E-17  0.181522839613E-01 -0.373059506454E-02 -0.176734267928E-01  0.122517277468E-01  0.657303629981E-02
 -0.181522839613E-01  0.165126524770E-15  0.216293293043E-01 -0.481186757672E-02 -0.979126876368E-03 -0.939177196161E-02
  0.373059506454E-02 -0.216293293043E-01  0.413685270519E-17  0.248733947195E-03  0.253254477459E-02  0.586798714782E-02
  0.176734267928E-01  0.481186757672E-02 -0.248733947195E-03  0.756634262471E-17 -0.499628512105E-02 -0.133158057009E-02
 -0.122517277468E-01  0.979126876368E-03 -0.253254477459E-02  0.499628512105E-02 -0.576622629427E-17 -0.160537504682E-02
 -0.657303629981E-02  0.939177196161E-02 -0.586798714782E-02  0.133158057009E-02  0.160537504682E-02 -0.541605122558E-17
