 -0.588263477724E-16  0.588829876859E-01 -0.217900345581E-01 -0.734963852348E-02  0.914287580977E-02  0.434187263138E-02
 -0.588829876859E-01 -0.578093859556E-16  0.111637722218E-01 -0.107700100676E-01 -0.206084272448E-03  0.252618126247E-02
  0.217900345581E-01 -0.111637722218E-01 -0.145012797981E-16 -0.828065310348E-02  0.563040576430E-02 -0.254171936874E-02
  0.734963852348E-02  0.107700100676E-01  0.828065310348E-02  0.401678642294E-17 -0.486144444851E-02  0.377659113081E-02
 -0.914287580977E-02  0.206084272448E-03 -0.563040576430E-02  0.486144444851E-02 -0.113525277292E-16 -0.239118697641E-02
 -0.434187263138E-02 -0.252618126247E-02  0.254171936874E-02 -0.377659113081E-02  0.239118697641E-02 -0.295408259971E-17
