  0.154696436674E-16  0.993378280477E-02  0.212455572688E-02 -0.394783778282E-02 -0.804128626925E-02  0.112680734062E-01
 -0.993378280477E-02 -0.226882224009E-16  0.241916059945E-01 -0.915820489302E-02  0.269727082790E-02 -0.424849192949E-02
 -0.212455572688E-02 -0.241916059945E-01  0.252385515622E-17 -0.765425233203E-02  0.452810635510E-02  0.301492198274E-03
  0.394783778282E-02  0.915820489302E-02  0.765425233203E-02  0.187435956357E-16 -0.448938011565E-02  0.273946914075E-02
  0.804128626925E-02 -0.269727082790E-02 -0.452810635510E-02  0.448938011565E-02  0.127957691487E-16 -0.129412753672E-02
 -0.112680734062E-01  0.424849192949E-02 -0.301492198274E-03 -0.273946914075E-02  0.129412753672E-02  0.518587152675E-17
