  0.315329139254E-18 -0.366764853971E-03  0.453764953026E-02 -0.232738662567E-02 -0.512718670968E-02  0.891541706048E-02
  0.366764853971E-03  0.227889560043E-16  0.413590572860E-01 -0.159665042917E-01 -0.100513440593E-01  0.290187363755E-02
 -0.453764953026E-02 -0.413590572860E-01  0.214649497576E-17 -0.657679298002E-02  0.282799990683E-02 -0.218411805242E-02
  0.232738662567E-02  0.159665042917E-01  0.657679298002E-02 -0.104516250689E-16 -0.100626993451E-02  0.727955836439E-03
  0.512718670968E-02  0.100513440593E-01 -0.282799990683E-02  0.100626993451E-02 -0.401214014160E-18 -0.803628929560E-05
 -0.891541706048E-02 -0.290187363755E-02  0.218411805242E-02 -0.727955836439E-03  0.803628929560E-05 -0.468154848456E-18
