  0.283312791915     -0.104660983945     -0.551580943684E-01  0.521333443640E-01 -0.605260206061E-02 -0.243467935497E-02
 -0.104660983945      0.267233404106     -0.154377375126     -0.141625409921E-01  0.437313051556E-01 -0.230502313131E-01
 -0.551580943684E-01 -0.154377375126      0.223667076444     -0.696473916417E-01 -0.245543616398E-01  0.250638539022E-01
  0.521333443640E-01 -0.141625409921E-01 -0.696473916417E-01  0.955972223516E-01 -0.670348762331E-01  0.324290257033E-01
 -0.605260206061E-02  0.437313051556E-01 -0.245543616398E-01 -0.670348762331E-01  0.942594799347E-01 -0.567400383987E-01
 -0.243467935497E-02 -0.230502313131E-01  0.250638539022E-01  0.324290257033E-01 -0.567400383987E-01  0.359300252481E-01
