  0.441619377127     -0.159740873160     -0.448897796490E-01  0.262336311650E-01  0.150414266261E-01 -0.154780080487E-01
 -0.159740873160      0.262549789875     -0.121854930835     -0.740702424207E-02  0.278420264100E-01 -0.143589699728E-01
 -0.448897796490E-01 -0.121854930835      0.194687832613     -0.659201012088E-01 -0.178147536467E-01  0.228466094317E-01
  0.262336311650E-01 -0.740702424207E-02 -0.659201012088E-01  0.515870902611E-01 -0.188692109626E-01  0.398730275744E-02
  0.150414266261E-01  0.278420264100E-01 -0.178147536467E-01 -0.188692109626E-01  0.345611453667E-01 -0.214851154160E-01
 -0.154780080487E-01 -0.143589699728E-01  0.228466094317E-01  0.398730275744E-02 -0.214851154160E-01  0.149947647573E-01
