  0.519194120241     -0.132862905825     -0.949533361820E-01  0.538739824662E-01  0.691963821312E-02 -0.998352934864E-02
 -0.132862905825      0.259690242850     -0.671138331192E-01 -0.558770887805E-01  0.348714190792E-01  0.524209025113E-03
 -0.949533361820E-01 -0.671138331192E-01  0.137968276731     -0.318215793512E-01 -0.403197186372E-01  0.244151947997E-01
  0.538739824662E-01 -0.558770887805E-01 -0.318215793512E-01  0.489287328213E-01 -0.905066512173E-02 -0.705471599380E-02
  0.691963821312E-02  0.348714190792E-01 -0.403197186372E-01 -0.905066512173E-02  0.264053440542E-01 -0.110548957119E-01
 -0.998352934864E-02  0.524209025113E-03  0.244151947997E-01 -0.705471599380E-02 -0.110548957119E-01  0.781328330278E-02
