 -0.111909893411E-16 -0.119260240804E-04 -0.527055279101E-02 -0.137294170515E-02 -0.407547909592E-02  0.326680874211E-02
  0.119260240804E-04 -0.966195772169E-17  0.459282952284E-01 -0.220328151050E-01 -0.295260576293E-02  0.750453401928E-02
  0.527055279101E-02 -0.459282952284E-01  0.691869511041E-17 -0.217858414547E-01  0.111189058315E-01 -0.441437548906E-02
  0.137294170515E-02  0.220328151050E-01  0.217858414547E-01  0.693253250063E-17 -0.312672432196E-02  0.719546611899E-03
  0.407547909592E-02  0.295260576293E-02 -0.111189058315E-01  0.312672432196E-02 -0.172275508249E-17  0.107269318826E-03
 -0.326680874211E-02 -0.750453401928E-02  0.441437548906E-02 -0.719546611899E-03 -0.107269318826E-03 -0.140752203652E-18
