  0.179434740305E-16 -0.110826635694E-01  0.200470032838E-01  0.571082100086E-02 -0.260324356971E-01 -0.724041886069E-02
  0.110826635694E-01  0.357517968944E-16  0.723814980073E-02 -0.111721158688E-01  0.402844184426E-02  0.153890337107E-01
 -0.200470032838E-01 -0.723814980073E-02  0.213941421133E-17  0.115682001406E-01 -0.961505002449E-03 -0.402183288761E-02
 -0.571082100086E-02  0.111721158688E-01 -0.115682001406E-01  0.494595758533E-17  0.114434204285E-02 -0.151976634373E-02
  0.260324356971E-01 -0.402844184426E-02  0.961505002449E-03 -0.114434204285E-02 -0.144582992669E-16 -0.316886255431E-02
  0.724041886069E-02 -0.153890337107E-01  0.402183288761E-02  0.151976634373E-02  0.316886255431E-02  0.843975901916E-18
