  0.311986729111E-17 -0.195752165008E-02 -0.216050605131E-01  0.136039040875E-01  0.101464977322E-01 -0.112725283990E-01
  0.195752165008E-02  0.265208847921E-16 -0.156374065181E-02  0.317382838423E-01 -0.323387482610E-01  0.946034192263E-02
  0.216050605131E-01  0.156374065181E-02  0.289845735432E-17 -0.110185709435E-01 -0.823160888625E-03  0.893366379302E-02
 -0.136039040875E-01 -0.317382838423E-01  0.110185709435E-01 -0.440565517857E-16  0.131306638269E-01 -0.119834085824E-01
 -0.101464977322E-01  0.323387482610E-01  0.823160888625E-03 -0.131306638269E-01 -0.322050817147E-17  0.396511566398E-02
  0.112725283990E-01 -0.946034192263E-02 -0.893366379302E-02  0.119834085824E-01 -0.396511566398E-02  0.630653496657E-17
