  0.224445300331E-16 -0.140467919528E-01  0.189213064725E-01  0.875218465950E-02  0.657336540373E-02 -0.111126766718E-01
  0.140467919528E-01 -0.663108422880E-17  0.282048626501E-01 -0.151699711787E-01 -0.854155566493E-02 -0.272836282957E-02
 -0.189213064725E-01 -0.282048626501E-01  0.680428650848E-17 -0.736216059355E-02  0.205485977879E-02 -0.226516432941E-03
 -0.875218465950E-02  0.151699711787E-01  0.736216059355E-02 -0.376788744035E-17 -0.642524005905E-02  0.285700142892E-02
 -0.657336540373E-02  0.854155566493E-02 -0.205485977879E-02  0.642524005905E-02 -0.209768931376E-17 -0.497728861613E-03
  0.111126766718E-01  0.272836282957E-02  0.226516432941E-03 -0.285700142892E-02  0.497728861613E-03 -0.177334280257E-17
