 -0.218597508953E-16  0.257250897589E-01 -0.455447098753E-01  0.976495950780E-02  0.456163144302E-02 -0.143467212164E-02
 -0.257250897589E-01 -0.281710097141E-16 -0.429121877942E-01  0.246375502904E-01 -0.441258257404E-02 -0.996319750278E-02
  0.455447098753E-01  0.429121877942E-01 -0.578390296062E-18 -0.438284472324E-02  0.384702352844E-02 -0.574802157184E-02
 -0.976495950780E-02 -0.246375502904E-01  0.438284472324E-02 -0.134730916024E-16  0.818293798550E-02  0.207604265269E-04
 -0.456163144302E-02  0.441258257404E-02 -0.384702352844E-02 -0.818293798550E-02  0.714482130430E-17  0.547167262102E-02
  0.143467212164E-02  0.996319750278E-02  0.574802157184E-02 -0.207604265269E-04 -0.547167262102E-02 -0.692943670560E-18
