 -0.340988198659E-17  0.150902995708E-01  0.770133126344E-03 -0.935465226592E-03  0.361744165031E-02 -0.133355413113E-02
 -0.150902995708E-01 -0.349435103189E-17  0.480184727080E-02 -0.736697205910E-02  0.237245193255E-02 -0.906602711472E-03
 -0.770133126344E-03 -0.480184727080E-02 -0.366328912249E-17  0.486787785754E-02 -0.427707181695E-02  0.192231339662E-02
  0.935465226592E-03  0.736697205910E-02 -0.486787785754E-02 -0.659747701186E-17  0.163420507921E-02 -0.923009955142E-03
 -0.361744165031E-02 -0.237245193255E-02  0.427707181695E-02 -0.163420507921E-02  0.746884190022E-18  0.195483487462E-03
  0.133355413113E-02  0.906602711472E-03 -0.192231339662E-02  0.923009955142E-03 -0.195483487462E-03  0.438009510806E-18
