  0.173921888668E-16  0.631126276882E-03  0.218585028170E-01  0.835966243104E-02 -0.238468558120E-01  0.743203912399E-02
 -0.631126276882E-03  0.127502075618E-16 -0.104275286389E-01 -0.186886006819E-01  0.489034384571E-02  0.137380174032E-01
 -0.218585028170E-01  0.104275286389E-01  0.142133461345E-16  0.147837051509E-01  0.196237356596E-02 -0.959450083704E-02
 -0.835966243104E-02  0.186886006819E-01 -0.147837051509E-01  0.232244217884E-18 -0.440454943285E-02 -0.214390559350E-03
  0.238468558120E-01 -0.489034384571E-02 -0.196237356596E-02  0.440454943285E-02 -0.124250656568E-16 -0.320149291936E-02
 -0.743203912399E-02 -0.137380174032E-01  0.959450083704E-02  0.214390559350E-03  0.320149291936E-02  0.890075965041E-17
