  0.137077486876E-16  0.646212541773E-02  0.755501645485E-02 -0.134428655831E-01  0.912717492302E-02  0.911207801031E-02
 -0.646212541773E-02 -0.163495625317E-16  0.568185053385E-02 -0.883133915201E-02  0.103201036661E-02 -0.378957500693E-02
 -0.755501645485E-02 -0.568185053385E-02  0.179524608192E-16  0.975152700544E-02  0.300541058116E-02 -0.473607075809E-02
  0.134428655831E-01  0.883133915201E-02 -0.975152700544E-02 -0.776515170353E-17 -0.597624251464E-03 -0.799474282454E-03
 -0.912717492302E-02 -0.103201036661E-02 -0.300541058116E-02  0.597624251464E-03 -0.569919391085E-18  0.138717945992E-02
 -0.911207801031E-02  0.378957500693E-02  0.473607075809E-02  0.799474282454E-03 -0.138717945992E-02  0.328250935747E-17
