  0.573723946791     -0.156382236870     -0.438381397969E-01  0.305997459328E-01 -0.560365964025E-02  0.874969542665E-02
 -0.156382236870      0.277017621677     -0.467345681528E-01 -0.673777942870E-01  0.341149416704E-01 -0.741369918642E-02
 -0.438381397969E-01 -0.467345681528E-01  0.782785542064E-01 -0.130898090365E-01 -0.156309827917E-01  0.866135443058E-02
  0.305997459328E-01 -0.673777942870E-01 -0.130898090365E-01  0.487176027435E-01 -0.222877389585E-01  0.260066814910E-02
 -0.560365964025E-02  0.341149416704E-01 -0.156309827917E-01 -0.222877389585E-01  0.198945212900E-01 -0.555019743148E-02
  0.874969542665E-02 -0.741369918642E-02  0.866135443058E-02  0.260066814910E-02 -0.555019743148E-02  0.236775329264E-02
