  0.385355449721     -0.384071389905      0.131125717097     -0.188475080230E-01 -0.297156421729E-03  0.421735308271E-03
 -0.384071389905      0.508562694733     -0.158362353126      0.108924317683E-01  0.652612450646E-02  0.620361982612E-02
  0.131125717097     -0.158362353126      0.880686631233E-01 -0.248332675026E-01  0.622145335751E-02 -0.656951725090E-02
 -0.188475080230E-01  0.108924317683E-01 -0.248332675026E-01  0.135858834860E-01 -0.491492982065E-02  0.219152217225E-02
 -0.297156421729E-03  0.652612450646E-02  0.622145335751E-02 -0.491492982065E-02  0.317853168708E-02 -0.842597895659E-03
  0.421735308271E-03  0.620361982612E-02 -0.656951725090E-02  0.219152217225E-02 -0.842597895659E-03  0.124877725048E-02
