  0.552271925668E-17 -0.166242847550E-01  0.131750277486E-01 -0.624782212403E-02  0.579593802461E-02 -0.274120792901E-02
  0.166242847550E-01 -0.130432621114E-16  0.234736550413E-01 -0.878839533710E-02  0.213280539951E-02 -0.300142217496E-02
 -0.131750277486E-01 -0.234736550413E-01 -0.151559031576E-16  0.508304064934E-02 -0.551827084647E-02  0.326231972971E-02
  0.624782212403E-02  0.878839533710E-02 -0.508304064934E-02  0.192893312915E-17  0.254632630243E-03 -0.567999398709E-03
 -0.579593802461E-02 -0.213280539951E-02  0.551827084647E-02 -0.254632630243E-03   0.00000000000      0.668835203551E-03
  0.274120792901E-02  0.300142217496E-02 -0.326231972971E-02  0.567999398709E-03 -0.668835203551E-03  0.200930534287E-17
