  0.403078472544     -0.856433602095E-01 -0.102731303222      0.398667581537E-01  0.224194106621E-01 -0.190543319698E-01
 -0.856433602095E-01  0.284488113114     -0.793911089497E-01 -0.800135469552E-01  0.370350639829E-01  0.129698881365E-01
 -0.102731303222     -0.793911089497E-01  0.171332988079     -0.483115569513E-01 -0.532437274272E-01  0.393946852535E-01
  0.398667581537E-01 -0.800135469552E-01 -0.483115569513E-01  0.939107595687E-01 -0.807714513426E-02 -0.297601732749E-01
  0.224194106621E-01  0.370350639829E-01 -0.532437274272E-01 -0.807714513426E-02  0.306368324107E-01 -0.114200162002E-01
 -0.190543319698E-01  0.129698881365E-01  0.393946852535E-01 -0.297601732749E-01 -0.114200162002E-01  0.165528342841E-01
