  0.328702413707     -0.117246112633     -0.473648626616E-01  0.103363849578E-01  0.260128238646E-01 -0.212817304234E-01
 -0.117246112633      0.270108428985     -0.103754045106     -0.523449468122E-01  0.517935598713E-01 -0.168970381420E-01
 -0.473648626616E-01 -0.103754045106      0.174315356195     -0.772784898153E-01 -0.106862343926E-01  0.264121677645E-01
  0.103363849578E-01 -0.523449468122E-01 -0.772784898153E-01  0.149375593146     -0.762600613139E-01  0.976044395975E-02
  0.260128238646E-01  0.517935598713E-01 -0.106862343926E-01 -0.762600613139E-01  0.651215345404E-01 -0.223264944064E-01
 -0.212817304234E-01 -0.168970381420E-01  0.264121677645E-01  0.976044395975E-02 -0.223264944064E-01  0.123766734266E-01
