  0.470940633166     -0.130674047907     -0.857337239900E-01  0.383847447274E-01  0.116493340839E-01 -0.163888829297E-01
 -0.130674047907      0.289957628039     -0.554501816591E-01 -0.904220938705E-01  0.311510372008E-01  0.116200732497E-01
 -0.857337239900E-01 -0.554501816591E-01  0.140507788395     -0.465592018920E-01 -0.281965411119E-01  0.295628756222E-01
  0.383847447274E-01 -0.904220938705E-01 -0.465592018920E-01  0.744014421448E-01 -0.390674545821E-02 -0.222481238865E-01
  0.116493340839E-01  0.311510372008E-01 -0.281965411119E-01 -0.390674545821E-02  0.139149015124E-01 -0.563900075116E-02
 -0.163888829297E-01  0.116200732497E-01  0.295628756222E-01 -0.222481238865E-01 -0.563900075116E-02  0.102776067421E-01
