  0.483084416975     -0.154363248946     -0.877063883455E-01  0.359133610739E-01  0.314807616780E-01 -0.235501266044E-01
 -0.154363248946      0.285920566348     -0.631323848425E-01 -0.629928921253E-01  0.310485850696E-01  0.205703562490E-02
 -0.877063883455E-01 -0.631323848425E-01  0.140008454772     -0.395626837410E-01 -0.391794687211E-01  0.311141116145E-01
  0.359133610739E-01 -0.629928921253E-01 -0.395626837410E-01  0.599114619589E-01 -0.706896486766E-02 -0.142084827634E-01
  0.314807616780E-01  0.310485850696E-01 -0.391794687211E-01 -0.706896486766E-02  0.218762350139E-01 -0.910989869316E-02
 -0.235501266044E-01  0.205703562490E-02  0.311141116145E-01 -0.142084827634E-01 -0.910989869316E-02  0.919886493280E-02
