  0.562733001112     -0.660211457974E-01 -0.112750855171      0.330549135516E-01 -0.128065629249E-01  0.145048292383E-01
 -0.660211457974E-01  0.319339525939     -0.371473876363E-01 -0.549136822468E-01  0.384317638710E-01 -0.704604682076E-02
 -0.112750855171     -0.371473876363E-01  0.760796963285E-01 -0.118189225206E-01 -0.809031239816E-02 -0.272951438787E-02
  0.330549135516E-01 -0.549136822468E-01 -0.118189225206E-01  0.247253122910E-01 -0.103440218756E-01  0.369909928632E-03
 -0.128065629249E-01  0.384317638710E-01 -0.809031239816E-02 -0.103440218756E-01  0.143922731863E-01 -0.351909594662E-02
  0.145048292383E-01 -0.704604682076E-02 -0.272951438787E-02  0.369909928632E-03 -0.351909594662E-02  0.273019114307E-02
