  0.478105307664     -0.453399431296E-01 -0.119160456098      0.239962341604E-01  0.191114846058E-01 -0.825241130444E-02
 -0.453399431296E-01  0.265245060200     -0.253937067533E-01 -0.883809273156E-01  0.317939390482E-01  0.448074309631E-02
 -0.119160456098     -0.253937067533E-01  0.196242294189     -0.497786233787E-01 -0.299112149989E-01  0.143124491958E-01
  0.239962341604E-01 -0.883809273156E-01 -0.497786233787E-01  0.507327323859E-01 -0.412115421231E-02 -0.621278436109E-02
  0.191114846058E-01  0.317939390482E-01 -0.299112149989E-01 -0.412115421231E-02  0.841978977755E-02 -0.141356248171E-02
 -0.825241130444E-02  0.448074309631E-02  0.143124491958E-01 -0.621278436109E-02 -0.141356248171E-02  0.125481578358E-02
