  0.472919204938     -0.218279319093E-01 -0.100433150839      0.401735786375E-01 -0.176592771742E-01  0.102678706663E-01
 -0.218279319093E-01  0.330321635265     -0.112779518990      0.948400456593E-02 -0.140676114299E-02  0.693190862957E-02
 -0.100433150839     -0.112779518990      0.152420168484     -0.611702808253E-01  0.103910096136E-01 -0.210192989678E-02
  0.401735786375E-01  0.948400456593E-02 -0.611702808253E-01  0.385932331485E-01 -0.915679730286E-02  0.402721421588E-03
 -0.176592771742E-01 -0.140676114299E-02  0.103910096136E-01 -0.915679730286E-02  0.484655415487E-02 -0.110033569627E-02
  0.102678706663E-01  0.693190862957E-02 -0.210192989678E-02  0.402721421588E-03 -0.110033569627E-02  0.899204008875E-03
