  0.145872159235E-17 -0.160430677027E-01 -0.366606091277E-03 -0.637232317730E-03  0.303610825902E-02  0.414336079432E-02
  0.160430677027E-01 -0.643265173248E-17 -0.365322570960E-02  0.479688930226E-03  0.496857301257E-04 -0.436204253244E-03
  0.366606091277E-03  0.365322570960E-02 -0.530927844334E-18 -0.935089822983E-04  0.143096081022E-04 -0.101977152040E-04
  0.637232317730E-03 -0.479688930226E-03  0.935089822983E-04  0.831841767403E-20  0.504795544155E-05  0.242855874124E-04
 -0.303610825902E-02 -0.496857301257E-04 -0.143096081022E-04 -0.504795544155E-05 -0.842723418430E-20 -0.384121982697E-05
 -0.414336079432E-02  0.436204253244E-03  0.101977152040E-04 -0.242855874124E-04  0.384121982697E-05  0.699750614658E-20
