  0.420785269161E-16 -0.184730812894E-01 -0.115031867863E-01  0.171358311670E-01 -0.105850801655E-01  0.305288401818E-02
  0.184730812894E-01 -0.302510642913E-16  0.581858120640E-02  0.846996699213E-03 -0.901749361509E-02  0.629115270263E-02
  0.115031867863E-01 -0.581858120640E-02  0.855471957634E-18 -0.469359078880E-02  0.748170928172E-02 -0.513948674471E-02
 -0.171358311670E-01 -0.846996699213E-03  0.469359078880E-02 -0.238631651340E-16  0.652786993211E-02 -0.442666467253E-02
  0.105850801655E-01  0.901749361509E-02 -0.748170928172E-02 -0.652786993211E-02  0.112111851290E-16  0.480724088468E-02
 -0.305288401818E-02 -0.629115270263E-02  0.513948674471E-02  0.442666467253E-02 -0.480724088468E-02  0.160189938119E-16
