 -0.924647818415E-17 -0.149483106136E-01  0.836058957434E-02  0.124755507625E-01  0.113992876520E-02  0.453898500467E-04
  0.149483106136E-01 -0.327481049723E-16  0.262490643913E-01  0.619917687101E-02 -0.287290204739E-01  0.141405507486E-01
 -0.836058957434E-02 -0.262490643913E-01  0.488858628756E-17 -0.345355050389E-02  0.146744813979E-02  0.437655395628E-02
 -0.124755507625E-01 -0.619917687101E-02  0.345355050389E-02 -0.418357622073E-17  0.553393442637E-02 -0.571557929562E-02
 -0.113992876520E-02  0.287290204739E-01 -0.146744813979E-02 -0.553393442637E-02  0.706559539501E-17  0.650350726836E-03
 -0.453898500467E-04 -0.141405507486E-01 -0.437655395628E-02  0.571557929562E-02 -0.650350726836E-03 -0.148168324484E-18
