 -0.926876221692E-17 -0.408700208533E-01  0.125714967247E-01  0.186086294616E-02 -0.104499496360E-01 -0.242443458892E-01
  0.408700208533E-01 -0.258862186042E-16  0.913661995663E-02 -0.584982598465E-02 -0.174697510124E-01  0.330263194084E-02
 -0.125714967247E-01 -0.913661995663E-02 -0.512982035342E-17 -0.132488127594E-01  0.176580713123E-02  0.548620718778E-02
 -0.186086294616E-02  0.584982598465E-02  0.132488127594E-01 -0.261406854537E-17  0.935886790425E-04  0.739008965769E-03
  0.104499496360E-01  0.174697510124E-01 -0.176580713123E-02 -0.935886790425E-04  0.122606754783E-17  0.381205541143E-02
  0.242443458892E-01 -0.330263194084E-02 -0.548620718778E-02 -0.739008965769E-03 -0.381205541143E-02  0.774967223628E-18
