 -0.261146855126E-16  0.201195801552E-01  0.515390669997E-02 -0.232326766438E-01  0.126242792469E-01  0.857244344037E-04
 -0.201195801552E-01 -0.905833778693E-17  0.200279839606E-01 -0.225589735930E-01  0.936185543703E-02 -0.219072139890E-02
 -0.515390669997E-02 -0.200279839606E-01  0.342139200668E-17  0.701822830274E-02 -0.139056435280E-02  0.104770098247E-02
  0.232326766438E-01  0.225589735930E-01 -0.701822830274E-02 -0.315820800617E-17 -0.288222003878E-02  0.110941168446E-02
 -0.126242792469E-01 -0.936185543703E-02  0.139056435280E-02  0.288222003878E-02  0.965682832656E-17 -0.833999049897E-03
 -0.857244344037E-04  0.219072139890E-02 -0.104770098247E-02 -0.110941168446E-02  0.833999049897E-03  0.153374074518E-17
