 -0.367655939008E-17 -0.916322705147E-02 -0.153868107532E-01  0.113279158420E-02 -0.631508658324E-02  0.914900966517E-02
  0.916322705147E-02  0.137064315457E-16  0.365924647691E-02  0.227175279252E-01 -0.694553323201E-02 -0.108319787801E-01
  0.153868107532E-01 -0.365924647691E-02 -0.727131646987E-17 -0.260391159990E-02 -0.793938555728E-02  0.548649488783E-02
 -0.113279158420E-02 -0.227175279252E-01  0.260391159990E-02  0.110524010342E-16  0.573714349517E-02 -0.181591101853E-03
  0.631508658324E-02  0.694553323201E-02  0.793938555728E-02 -0.573714349517E-02 -0.128459924301E-17  0.102850434660E-02
 -0.914900966517E-02  0.108319787801E-01 -0.548649488783E-02  0.181591101853E-03 -0.102850434660E-02  0.427492814125E-17
