  0.589886337411     -0.116448064094     -0.135899428124      0.702763019824E-01 -0.329204217290E-02 -0.105031253503E-01
 -0.116448064094      0.243117941915     -0.204131972562E-01 -0.600021065805E-01  0.219662517138E-01  0.131158613570E-02
 -0.135899428124     -0.204131972562E-01  0.121094099537     -0.396209084237E-01 -0.799525365561E-02  0.840699024866E-02
  0.702763019824E-01 -0.600021065805E-01 -0.396209084237E-01  0.391684225038E-01 -0.761259018386E-02 -0.394165391370E-02
 -0.329204217290E-02  0.219662517138E-01 -0.799525365561E-02 -0.761259018386E-02  0.578783224698E-02 -0.418519191237E-03
 -0.105031253503E-01  0.131158613570E-02  0.840699024866E-02 -0.394165391370E-02 -0.418519191237E-03  0.945366385975E-03
