  0.107500186940E-16  0.287234211855E-01  0.322865427982E-02 -0.954518191049E-03 -0.163433982176E-02  0.407480879154E-02
 -0.287234211855E-01  0.845033963037E-17 -0.189988737440E-01  0.267792466911E-02 -0.176586271242E-02  0.530788799608E-02
 -0.322865427982E-02  0.189988737440E-01  0.133214867106E-17  0.711318422296E-02 -0.222001210419E-02 -0.251515995948E-02
  0.954518191049E-03 -0.267792466911E-02 -0.711318422296E-02  0.998345900612E-17  0.450741802587E-02 -0.358863179960E-02
  0.163433982176E-02  0.176586271242E-02  0.222001210419E-02 -0.450741802587E-02  0.217431162403E-17  0.212495210766E-02
 -0.407480879154E-02 -0.530788799608E-02  0.251515995948E-02  0.358863179960E-02 -0.212495210766E-02 -0.192740475828E-17
