  0.406613394676     -0.104319855459     -0.830780706297E-01 -0.119200809833E-01  0.556006576386E-01 -0.222404025677E-01
 -0.104319855459      0.308002113333     -0.927367523826E-01 -0.645709541451E-01  0.479399655149E-01 -0.936128520359E-02
 -0.830780706297E-01 -0.927367523826E-01  0.159657251546     -0.308391264762E-01 -0.518143411334E-01  0.387598572293E-01
 -0.119200809833E-01 -0.645709541451E-01 -0.308391264762E-01  0.725034168926E-01 -0.240170361021E-01 -0.846281722246E-02
  0.556006576386E-01  0.479399655149E-01 -0.518143411334E-01 -0.240170361021E-01  0.411004925194E-01 -0.162651045687E-01
 -0.222404025677E-01 -0.936128520359E-02  0.387598572293E-01 -0.846281722246E-02 -0.162651045687E-01  0.121233310326E-01
