  0.176893187988E-15  0.165057819480E-01 -0.288809297587E-01  0.649789482042E-02 -0.605691568337E-03 -0.309833435401E-02
 -0.165057819480E-01 -0.765158351637E-17  0.155475291855E-01 -0.363148050195E-02  0.556329403369E-03  0.223161049770E-02
  0.288809297587E-01 -0.155475291855E-01  0.401270207311E-16 -0.804387448401E-04  0.102835856253E-03 -0.253164860231E-03
 -0.649789482042E-02  0.363148050195E-02  0.804387448401E-04  0.629557291797E-17 -0.408277917489E-04  0.138180741022E-04
  0.605691568337E-03 -0.556329403369E-03 -0.102835856253E-03  0.408277917489E-04  0.729572158580E-19  0.101730788463E-04
  0.309833435401E-02 -0.223161049770E-02  0.253164860231E-03 -0.138180741022E-04 -0.101730788463E-04  0.268876996556E-18
