 -0.706899449528E-17  0.314107268096E-01 -0.430743817616E-02  0.285740666222E-02 -0.258763056573E-02 -0.238465778537E-01
 -0.314107268096E-01 -0.161838831646E-16  0.185482316565E-01 -0.876710829495E-02 -0.610316306077E-02 -0.581935546789E-02
  0.430743817616E-02 -0.185482316565E-01 -0.159123381669E-16 -0.664799508437E-02  0.341710460208E-02 -0.279456172498E-03
 -0.285740666222E-02  0.876710829495E-02  0.664799508437E-02 -0.725226472293E-17 -0.346294040532E-02  0.204070855122E-02
  0.258763056573E-02  0.610316306077E-02 -0.341710460208E-02  0.346294040532E-02 -0.296785562540E-17 -0.535051448731E-03
  0.238465778537E-01  0.581935546789E-02  0.279456172498E-03 -0.204070855122E-02  0.535051448731E-03  0.374020872766E-18
