  0.457142322937     -0.846406990354E-01 -0.995344233197E-01  0.354838863860E-01  0.599120956864E-02 -0.200291031928E-01
 -0.846406990354E-01  0.267390736047     -0.582179665937E-01 -0.787435791241E-01  0.261122620684E-01  0.134216724572E-01
 -0.995344233197E-01 -0.582179665937E-01  0.169125362946     -0.378804228097E-01 -0.490817530862E-01  0.354386288797E-01
  0.354838863860E-01 -0.787435791241E-01 -0.378804228097E-01  0.636605064321E-01  0.541802205243E-04 -0.191109086820E-01
  0.599120956864E-02  0.261122620684E-01 -0.490817530862E-01  0.541802205243E-04  0.279171402193E-01 -0.144028019990E-01
 -0.200291031928E-01  0.134216724572E-01  0.354386288797E-01 -0.191109086820E-01 -0.144028019990E-01  0.147639314179E-01
