  0.461687154271     -0.122188768525     -0.939832716869E-01  0.751338167368E-01 -0.335567702206E-01  0.123467174068E-01
 -0.122188768525      0.251495290650     -0.257218607877E-01 -0.322759558892E-01  0.946298874020E-02  0.425474812839E-02
 -0.939832716869E-01 -0.257218607877E-01  0.135830664284     -0.614991647969E-01  0.396017708257E-02  0.359916696695E-02
  0.751338167368E-01 -0.322759558892E-01 -0.614991647969E-01  0.980726531059E-01 -0.544377695243E-01  0.782939608058E-02
 -0.335567702206E-01  0.946298874020E-02  0.396017708257E-02 -0.544377695243E-01  0.484465469770E-01 -0.114797156036E-01
  0.123467174068E-01  0.425474812839E-02  0.359916696695E-02  0.782939608058E-02 -0.114797156036E-01  0.446769071193E-02
