  0.475624076146     -0.970231349503E-01 -0.886175854438E-01  0.191788262767E-01  0.350774133236E-01 -0.165142868698E-01
 -0.970231349503E-01  0.276341458119     -0.752494067244E-01 -0.809385479425E-01  0.574579672675E-01  0.523211322208E-02
 -0.886175854438E-01 -0.752494067244E-01  0.159022170005     -0.298741535055E-01 -0.563823644506E-01  0.310067687143E-01
  0.191788262767E-01 -0.809385479425E-01 -0.298741535055E-01  0.528829779758E-01 -0.586750886731E-02 -0.156615823151E-01
  0.350774133236E-01  0.574579672675E-01 -0.563823644506E-01 -0.586750886731E-02  0.277253221116E-01 -0.819504502243E-02
 -0.165142868698E-01  0.523211322208E-02  0.310067687143E-01 -0.156615823151E-01 -0.819504502243E-02  0.840399564297E-02
