  0.529783928577     -0.162877939409     -0.303282893504E-01 -0.670810751449E-03  0.116262050073E-01 -0.123232462911E-01
 -0.162877939409      0.247586929665     -0.899049734084E-01 -0.701170604370E-02  0.207577920432E-01 -0.505678379366E-02
 -0.303282893504E-01 -0.899049734084E-01  0.145920263899     -0.525642283057E-01 -0.134114200221E-01  0.169089575369E-01
 -0.670810751449E-03 -0.701170604370E-02 -0.525642283057E-01  0.437805266120E-01 -0.119628442780E-01 -0.195778478893E-02
  0.116262050073E-01  0.207577920432E-01 -0.134114200221E-01 -0.119628442780E-01  0.227355525637E-01 -0.129134952166E-01
 -0.123232462911E-01 -0.505678379366E-02  0.169089575369E-01 -0.195778478893E-02 -0.129134952166E-01  0.101927986840E-01
