  0.512987360577     -0.993524600214E-01 -0.119357509514      0.485812257635E-01  0.160437369025E-01 -0.105974076194E-01
 -0.993524600214E-01  0.265253333880     -0.247415140831E-01 -0.799981669232E-01  0.271987449844E-01  0.464763788088E-02
 -0.119357509514     -0.247415140831E-01  0.127522951757     -0.426032138664E-01 -0.216316029817E-01  0.218489053108E-01
  0.485812257635E-01 -0.799981669232E-01 -0.426032138664E-01  0.644985075321E-01 -0.174701411278E-02 -0.216298041935E-01
  0.160437369025E-01  0.271987449844E-01 -0.216316029817E-01 -0.174701411278E-02  0.159272560984E-01 -0.787391079416E-02
 -0.105974076194E-01  0.464763788088E-02  0.218489053108E-01 -0.216298041935E-01 -0.787391079416E-02  0.138105901558E-01
