  0.147547287114E-16  0.198899158220E-01 -0.330389411185E-01  0.605703731063E-01 -0.410336766881E-01  0.865682906454E-02
 -0.198899158220E-01  0.850667157691E-17 -0.873984588294E-02  0.420700079223E-01 -0.520171717861E-01  0.303713435754E-01
  0.330389411185E-01  0.873984588294E-02  0.755044718067E-16 -0.131394309558E-01  0.358384940575E-02  0.529177698950E-02
 -0.605703731063E-01 -0.420700079223E-01  0.131394309558E-01  0.465693699466E-16  0.107961551187E-01 -0.107535822882E-01
  0.410336766881E-01  0.520171717861E-01 -0.358384940575E-02 -0.107961551187E-01 -0.192797191579E-16  0.173589392314E-02
 -0.865682906454E-02 -0.303713435754E-01 -0.529177698950E-02  0.107535822882E-01 -0.173589392314E-02 -0.225434558350E-16
