  0.519379026359     -0.108251693490     -0.118530496989      0.454049119232E-01  0.209317652302E-01 -0.272678331209E-01
 -0.108251693490      0.255130325487     -0.647604749236E-01 -0.457050718527E-01  0.339695236037E-01 -0.592856269900E-02
 -0.118530496989     -0.647604749236E-01  0.123431871352     -0.113510880207E-01 -0.435898802232E-01  0.268302855881E-01
  0.454049119232E-01 -0.457050718527E-01 -0.113510880207E-01  0.532639639226E-01 -0.168601236168E-01 -0.137057659980E-01
  0.209317652302E-01  0.339695236037E-01 -0.435898802232E-01 -0.168601236168E-01  0.352991994729E-01 -0.120065165290E-01
 -0.272678331209E-01 -0.592856269900E-02  0.268302855881E-01 -0.137057659980E-01 -0.120065165290E-01  0.134956134064E-01
