 -0.898440492409E-15  0.341881450956E-01 -0.174312142837E-01  0.433094903674E-02 -0.356370010048E-02 -0.374218599038E-03
 -0.341881450956E-01  0.498091574312E-17  0.108452961479E-01 -0.809482090937E-02  0.261087468646E-02  0.998877185517E-03
  0.174312142837E-01 -0.108452961479E-01 -0.205976496467E-15  0.288732254617E-02 -0.146175128070E-03 -0.545079514185E-03
 -0.433094903674E-02  0.809482090937E-02 -0.288732254617E-02 -0.923886928067E-16 -0.596798999688E-03  0.184515882233E-03
  0.356370010048E-02 -0.261087468646E-02  0.146175128070E-03  0.596798999688E-03 -0.539147658052E-17 -0.998996287957E-04
  0.374218599038E-03 -0.998877185517E-03  0.545079514185E-03 -0.184515882233E-03  0.998996287957E-04 -0.244753915458E-17
