  0.500537818999E-17  0.633930031737E-02 -0.175402251024E-01  0.260830686538E-02 -0.804123353093E-02 -0.302081934303E-02
 -0.633930031737E-02 -0.426923889850E-17  0.547448125920E-01  0.631050664965E-03 -0.832001575919E-02  0.113314806500E-02
  0.175402251024E-01 -0.547448125920E-01 -0.173564671295E-16 -0.254863419162E-01 -0.750698804195E-03  0.351375135228E-02
 -0.260830686538E-02 -0.631050664965E-03  0.254863419162E-01 -0.353125464638E-17 -0.312595289284E-02  0.339934549208E-03
  0.804123353093E-02  0.832001575919E-02  0.750698804195E-03  0.312595289284E-02  0.233387519732E-18 -0.434040883526E-03
  0.302081934303E-02 -0.113314806500E-02 -0.351375135228E-02 -0.339934549208E-03  0.434040883526E-03 -0.115742452041E-18
