 -0.863276315665E-17 -0.298255612182E-02 -0.545954993970E-01  0.269037305603E-01  0.947853180704E-02 -0.103241178654E-01
  0.298255612182E-02  0.495122800904E-16  0.791984493464E-02  0.230020058272E-01 -0.300126786525E-01  0.640083065634E-02
  0.545954993970E-01 -0.791984493464E-02 -0.220473799193E-16 -0.187896469937E-01  0.228197285352E-01 -0.557218756398E-02
 -0.269037305603E-01 -0.230020058272E-01  0.187896469937E-01  0.539373401597E-16  0.469963893332E-02 -0.896338513046E-02
 -0.947853180704E-02  0.300126786525E-01 -0.228197285352E-01 -0.469963893332E-02 -0.494753704142E-16  0.723416955693E-02
  0.103241178654E-01 -0.640083065634E-02  0.557218756398E-02  0.896338513046E-02 -0.723416955693E-02 -0.538061057555E-17
