 -0.347343193076E-16 -0.250112267313E-01  0.704649458369E-02 -0.311821174687E-02  0.114090127898E-01  0.654743770710E-02
  0.250112267313E-01 -0.981545009843E-17  0.651349266387E-01 -0.206634774233E-01 -0.138185507690E-01  0.338511378193E-02
 -0.704649458369E-02 -0.651349266387E-01  0.349308861021E-17  0.723255739535E-03  0.681359693534E-03 -0.373777357840E-02
  0.311821174687E-02  0.206634774233E-01 -0.723255739535E-03 -0.186255093792E-17  0.110381242819E-03  0.147026720630E-02
 -0.114090127898E-01  0.138185507690E-01 -0.681359693534E-03 -0.110381242819E-03 -0.429224541402E-17 -0.471990836289E-03
 -0.654743770710E-02 -0.338511378193E-02  0.373777357840E-02 -0.147026720630E-02  0.471990836289E-03  0.157011755104E-17
