  0.206729722320E-16  0.128838564190E-01 -0.172916981877E-01  0.222035410398E-01 -0.886812665936E-02 -0.790140765278E-02
 -0.128838564190E-01  0.633119063325E-17  0.567247412644E-02 -0.787034839295E-02 -0.765264779986E-02  0.112333362900E-01
  0.172916981877E-01 -0.567247412644E-02  0.174063156565E-16  0.741247837605E-02  0.713774613048E-02 -0.367361145206E-02
 -0.222035410398E-01  0.787034839295E-02 -0.741247837605E-02 -0.138394476941E-16  0.445640044038E-02 -0.682608715523E-02
  0.886812665936E-02  0.765264779986E-02 -0.713774613048E-02 -0.445640044038E-02  0.214012077744E-17  0.630216480044E-03
  0.790140765278E-02 -0.112333362900E-01  0.367361145206E-02  0.682608715523E-02 -0.630216480044E-03 -0.477217209468E-17
