 -0.974293722957E-17  0.242305805129E-02  0.636039131481E-02  0.185546053368E-01 -0.668672773387E-02  0.601005679314E-03
 -0.242305805129E-02  0.677876915838E-17  0.444924166932E-01 -0.179141178979E-01 -0.246192647045E-01  0.294266707507E-02
 -0.636039131481E-02 -0.444924166932E-01  0.569219049547E-17 -0.151033116622E-01  0.109052384352E-01 -0.162866816949E-02
 -0.185546053368E-01  0.179141178979E-01  0.151033116622E-01  0.208672493218E-17 -0.625098193205E-02  0.237989459632E-02
  0.668672773387E-02  0.246192647045E-01 -0.109052384352E-01  0.625098193205E-02  0.259297180921E-17 -0.850321140079E-03
 -0.601005679314E-03 -0.294266707507E-02  0.162866816949E-02 -0.237989459632E-02  0.850321140079E-03  0.211836536199E-18
