 -0.127901554904E-15  0.829293744206E-02 -0.135612161923E-01  0.987607781469E-02 -0.232869762440E-02 -0.316939941335E-02
 -0.829293744206E-02  0.117331702165E-15  0.365296241781E-02 -0.136196234494E-02 -0.274687305425E-02  0.478994371160E-02
  0.135612161923E-01 -0.365296241781E-02  0.433963517171E-16  0.828701971957E-03  0.870474684618E-03 -0.171382456131E-02
 -0.987607781469E-02  0.136196234494E-02 -0.828701971957E-03 -0.137420619859E-16  0.215840907592E-03 -0.105086181526E-03
  0.232869762440E-02  0.274687305425E-02 -0.870474684618E-03 -0.215840907592E-03 -0.112696815820E-16  0.121452138790E-03
  0.316939941335E-02 -0.478994371160E-02  0.171382456131E-02  0.105086181526E-03 -0.121452138790E-03 -0.316750890361E-18
