 -0.761524054065E-17  0.739923287909E-02 -0.442391436041E-01  0.464057542670E-01 -0.188724743850E-02 -0.201186309105E-01
 -0.739923287909E-02  0.218208962904E-16 -0.989778903980E-02  0.444577627274E-01 -0.506646314599E-01  0.260723518133E-01
  0.442391436041E-01  0.989778903980E-02  0.882926439496E-17 -0.155665329052E-01  0.453766905381E-02  0.105273742548E-02
 -0.464057542670E-01 -0.444577627274E-01  0.155665329052E-01 -0.189198522749E-17  0.139803152245E-01 -0.837018711506E-02
  0.188724743850E-02  0.506646314599E-01 -0.453766905381E-02 -0.139803152245E-01 -0.388487633378E-16  0.297881909164E-02
  0.201186309105E-01 -0.260723518133E-01 -0.105273742548E-02  0.837018711506E-02 -0.297881909164E-02  0.151920501314E-16
