  0.548145708550     -0.120198286561     -0.118726347831      0.504756716781E-01  0.961939931385E-02 -0.905313129481E-02
 -0.120198286561      0.238633274695     -0.383690855948E-01 -0.676573961386E-01  0.333289875950E-01  0.106707807063E-01
 -0.118726347831     -0.383690855948E-01  0.134633913199     -0.395298110952E-01 -0.363470755668E-01  0.225373178761E-01
  0.504756716781E-01 -0.676573961386E-01 -0.395298110952E-01  0.499518247337E-01  0.698092360319E-03 -0.160650186548E-01
  0.961939931385E-02  0.333289875950E-01 -0.363470755668E-01  0.698092360319E-03  0.193916006354E-01 -0.783247682093E-02
 -0.905313129481E-02  0.106707807063E-01  0.225373178761E-01 -0.160650186548E-01 -0.783247682093E-02  0.924367818610E-02
