  0.897656740823     -0.418517979552E-01  0.356882330792E-01 -0.620899589380E-02 -0.346151239621E-02  0.997213851506E-03
 -0.418517979552E-01  0.817577448146E-01 -0.728524535023E-02 -0.169538455918E-03  0.221917862523E-03  0.176375377414E-02
  0.356882330792E-01 -0.728524535023E-02  0.142124168297E-01  0.131491986572E-02 -0.571828884292E-03 -0.497825947283E-03
 -0.620899589380E-02 -0.169538455918E-03  0.131491986572E-02  0.541865169851E-02 -0.134360283567E-02  0.403427620444E-03
 -0.346151239621E-02  0.221917862523E-03 -0.571828884292E-03 -0.134360283567E-02  0.810603517129E-03 -0.206460801845E-03
  0.997213851506E-03  0.176375377414E-02 -0.497825947283E-03  0.403427620444E-03 -0.206460801845E-03  0.143842316638E-03
