  0.333913450038E-17  0.393482059421E-02  0.600379053111E-02  0.222394888427E-01 -0.193701844595E-02 -0.797157240684E-02
 -0.393482059421E-02  0.642771345384E-17  0.173386693457E-01 -0.491816136970E-02 -0.810469233022E-02  0.274839943548E-02
 -0.600379053111E-02 -0.173386693457E-01 -0.938499166395E-17 -0.202278650831E-02 -0.206451284530E-02  0.410349727512E-02
 -0.222394888427E-01  0.491816136970E-02  0.202278650831E-02  0.219717941151E-17  0.311895667227E-02 -0.237508506328E-02
  0.193701844595E-02  0.810469233022E-02  0.206451284530E-02 -0.311895667227E-02  0.115641021658E-17  0.356425649645E-03
  0.797157240684E-02 -0.274839943548E-02 -0.410349727512E-02  0.237508506328E-02 -0.356425649645E-03  0.394278665641E-18
