  0.599778682920     -0.953472050857E-01 -0.994734716585E-01  0.430957927455E-01  0.133155598101E-01 -0.140847753359E-01
 -0.953472050857E-01  0.251273338895     -0.277164019438E-01 -0.569354194850E-01  0.163001718421E-01 -0.357013415804E-03
 -0.994734716585E-01 -0.277164019438E-01  0.112776916349     -0.357032997949E-01 -0.174723574310E-01  0.122500777421E-01
  0.430957927455E-01 -0.569354194850E-01 -0.357032997949E-01  0.303179460861E-01  0.160372626718E-02 -0.439684698806E-02
  0.133155598101E-01  0.163001718421E-01 -0.174723574310E-01  0.160372626718E-02  0.436802098226E-02 -0.206497875329E-02
 -0.140847753359E-01 -0.357013415804E-03  0.122500777421E-01 -0.439684698806E-02 -0.206497875329E-02  0.148509476793E-02
