  0.579739101822     -0.109567975387     -0.128404280405      0.349320829424E-01  0.410025814902E-01 -0.188984973143E-01
 -0.109567975387      0.243090868668     -0.150582680320E-01 -0.741536709857E-01  0.277356064240E-01 -0.756204098423E-03
 -0.128404280405     -0.150582680320E-01  0.105039483555     -0.304554276754E-01 -0.217463293321E-01  0.167925088291E-01
  0.349320829424E-01 -0.741536709857E-01 -0.304554276754E-01  0.552645691868E-01 -0.908741977924E-02 -0.103408267011E-01
  0.410025814902E-01  0.277356064240E-01 -0.217463293321E-01 -0.908741977924E-02  0.119241393496E-01 -0.215159717776E-02
 -0.188984973143E-01 -0.756204098423E-03  0.167925088291E-01 -0.103408267011E-01 -0.215159717776E-02  0.494183741864E-02
