  0.391621478885     -0.114943407686     -0.658610374427E-01 -0.352190839992E-02  0.590751448225E-01 -0.275304869824E-01
 -0.114943407686      0.300441343128     -0.960081914433E-01 -0.671738742007E-01  0.474764983680E-01 -0.762643897017E-02
 -0.658610374427E-01 -0.960081914433E-01  0.169218769925     -0.447622011708E-01 -0.426760280949E-01  0.388110765069E-01
 -0.352190839992E-02 -0.671738742007E-01 -0.447622011708E-01  0.813422323868E-01 -0.288215265347E-01 -0.930445756455E-02
  0.590751448225E-01  0.474764983680E-01 -0.426760280949E-01 -0.288215265347E-01  0.442722710752E-01 -0.166759189626E-01
 -0.275304869824E-01 -0.762643897017E-02  0.388110765069E-01 -0.930445756455E-02 -0.166759189626E-01  0.131039045996E-01
