  0.463319805889     -0.130848823647     -0.944281909312E-01  0.420156552542E-01  0.236059246162E-01 -0.209769410749E-01
 -0.130848823647      0.293515656830     -0.709251475742E-01 -0.662170819911E-01  0.309779908258E-01  0.692023472372E-02
 -0.944281909312E-01 -0.709251475742E-01  0.141315391629     -0.483417002111E-01 -0.390330836738E-01  0.337372387066E-01
  0.420156552542E-01 -0.662170819911E-01 -0.483417002111E-01  0.702164295408E-01 -0.701929046170E-03 -0.232089196473E-01
  0.236059246162E-01  0.309779908258E-01 -0.390330836738E-01 -0.701929046170E-03  0.190941762717E-01 -0.872383673906E-02
 -0.209769410749E-01  0.692023472372E-02  0.337372387066E-01 -0.232089196473E-01 -0.872383673906E-02  0.125385398406E-01
