  0.483193433714     -0.795755083986E-01 -0.743762466657E-01  0.559478250766E-01 -0.297965168032E-01  0.108176146697E-01
 -0.795755083986E-01  0.267101042359      0.144284198729E-01 -0.585299672128E-01  0.100286256921E-01  0.119691481424E-02
 -0.743762466657E-01  0.144284198729E-01  0.159339964981     -0.738543907668E-01 -0.865224652649E-02  0.994284167988E-02
  0.559478250766E-01 -0.585299672128E-01 -0.738543907668E-01  0.689752481653E-01 -0.181533834041E-01  0.672645253281E-03
 -0.297965168032E-01  0.100286256921E-01 -0.865224652649E-02 -0.181533834041E-01  0.190307848423E-01 -0.587651319502E-02
  0.108176146697E-01  0.119691481424E-02  0.994284167988E-02  0.672645253281E-03 -0.587651319502E-02  0.235952593776E-02
