  0.639249221198     -0.420394920511E-01 -0.962942305641E-01  0.216075591349E-01 -0.107674777894E-02  0.824852978742E-02
 -0.420394920511E-01  0.239648556406     -0.466746486078E-01 -0.267720206030E-01  0.151316174120E-01  0.100298352407E-02
 -0.962942305641E-01 -0.466746486078E-01  0.980088023314E-01 -0.704232640967E-02 -0.153178458277E-01  0.417101772353E-02
  0.216075591349E-01 -0.267720206030E-01 -0.704232640967E-02  0.103262261350E-01 -0.442137935886E-02 -0.143245046732E-02
 -0.107674777894E-02  0.151316174120E-01 -0.153178458277E-01 -0.442137935886E-02  0.104774552652E-01 -0.274836074651E-02
  0.824852978742E-02  0.100298352407E-02  0.417101772353E-02 -0.143245046732E-02 -0.274836074651E-02  0.228973866373E-02
