  0.606092208276     -0.110359068962     -0.122703964759      0.582031718533E-01  0.140359284836E-01 -0.216100775855E-01
 -0.110359068962      0.213216252147     -0.235311869882E-01 -0.715748427643E-01  0.207105858709E-01  0.105797913044E-01
 -0.122703964759     -0.235311869882E-01  0.115661775506     -0.247962724451E-01 -0.208783133351E-01  0.854710307075E-02
  0.582031718533E-01 -0.715748427643E-01 -0.247962724451E-01  0.453122964933E-01 -0.299288836890E-02 -0.129034195480E-01
  0.140359284836E-01  0.207105858709E-01 -0.208783133351E-01 -0.299288836890E-02  0.119040539789E-01 -0.338546258146E-02
 -0.216100775855E-01  0.105797913044E-01  0.854710307075E-02 -0.129034195480E-01 -0.338546258146E-02  0.781341359926E-02
