  0.699794975111     -0.266387168993E-01 -0.800719047516E-01  0.101996922496E-01  0.108191225071E-01 -0.181092876587E-02
 -0.266387168993E-01  0.252348409610     -0.293335524924E-01 -0.851747309461E-02  0.655326938559E-02 -0.270561327810E-02
 -0.800719047516E-01 -0.293335524924E-01  0.328770092867E-01 -0.714715954467E-02 -0.103148787067E-01  0.285743694760E-02
  0.101996922496E-01 -0.851747309461E-02 -0.714715954467E-02  0.101393977823E-01  0.658269347622E-03 -0.104330271554E-02
  0.108191225071E-01  0.655326938559E-02 -0.103148787067E-01  0.658269347622E-03  0.451332139111E-02 -0.958614203601E-03
 -0.181092876587E-02 -0.270561327810E-02  0.285743694760E-02 -0.104330271554E-02 -0.958614203601E-03  0.326886819739E-03
