  0.448416100373     -0.122916713511     -0.965112642732E-01  0.357111388397E-01  0.241217432669E-01 -0.171179903546E-01
 -0.122916713511      0.308937626712     -0.836988221698E-01 -0.597878605348E-01  0.312426973297E-01  0.428461000146E-02
 -0.965112642732E-01 -0.836988221698E-01  0.133892330385     -0.396029283924E-01 -0.404676262201E-01  0.334547156398E-01
  0.357111388397E-01 -0.597878605348E-01 -0.396029283924E-01  0.709877537066E-01 -0.440501163525E-02 -0.249683620233E-01
  0.241217432669E-01  0.312426973297E-01 -0.404676262201E-01 -0.440501163525E-02  0.232449428811E-01 -0.896759938676E-02
 -0.171179903546E-01  0.428461000146E-02  0.334547156398E-01 -0.249683620233E-01 -0.896759938676E-02  0.145212459430E-01
