  0.166845779499E-16  0.969220137076E-02  0.845232726648E-02  0.691678880260E-02 -0.119027553328E-01  0.688802017684E-02
 -0.969220137076E-02  0.175261853230E-16  0.248685633643E-01 -0.820700841198E-02 -0.412985525278E-02 -0.125663054132E-02
 -0.845232726648E-02 -0.248685633643E-01  0.144618121755E-16 -0.914076547725E-02  0.440211004950E-03  0.309155387126E-02
 -0.691678880260E-02  0.820700841198E-02  0.914076547725E-02 -0.442708535984E-18 -0.488606270199E-02  0.306890602491E-02
  0.119027553328E-01  0.412985525278E-02 -0.440211004950E-03  0.488606270199E-02  0.299750571239E-19 -0.211614355839E-02
 -0.688802017684E-02  0.125663054132E-02 -0.309155387126E-02 -0.306890602491E-02  0.211614355839E-02 -0.645904836679E-18
