  0.480524976048     -0.142681023698     -0.104415664529      0.477114971309E-01  0.285939871710E-01 -0.278907286648E-01
 -0.142681023698      0.291817510483     -0.519448259953E-01 -0.725489520249E-01  0.244127333637E-01  0.101523365203E-01
 -0.104415664529     -0.519448259953E-01  0.129846453806     -0.427851248304E-01 -0.325623788001E-01  0.306121761222E-01
  0.477114971309E-01 -0.725489520249E-01 -0.427851248304E-01  0.696873039841E-01 -0.564553380475E-02 -0.207299493718E-01
  0.285939871710E-01  0.244127333637E-01 -0.325623788001E-01 -0.564553380475E-02  0.175876141376E-01 -0.670446427641E-02
 -0.278907286648E-01  0.101523365203E-01  0.306121761222E-01 -0.207299493718E-01 -0.670446427641E-02  0.105361415419E-01
