  0.380161514057     -0.706942405685E-01 -0.196553860517E-02  0.133879293940E-01 -0.405770840096E-02  0.176629292446E-02
 -0.706942405685E-01  0.436930321063     -0.135407877883     -0.140923318886E-02 -0.217903541791E-02  0.435828320956E-02
 -0.196553860517E-02 -0.135407877883      0.136785587559     -0.296925858556E-01  0.291228362540E-03  0.775638286615E-03
  0.133879293940E-01 -0.140923318886E-02 -0.296925858556E-01  0.374204526330E-01 -0.143770545494E-01  0.244997997572E-02
 -0.405770840096E-02 -0.217903541791E-02  0.291228362540E-03 -0.143770545494E-01  0.789683698799E-02 -0.196423098415E-02
  0.176629292446E-02  0.435828320956E-02  0.775638286615E-03  0.244997997572E-02 -0.196423098415E-02  0.805287699490E-03
