  0.678925356851     -0.463704972627E-01 -0.890904945976E-01  0.214607898446E-01  0.114614149372E-01 -0.510571076944E-02
 -0.463704972627E-01  0.231162788632     -0.142076345203E-01 -0.265800734766E-01  0.185818955285E-02 -0.381112494531E-02
 -0.890904945976E-01 -0.142076345203E-01  0.761567864984E-01 -0.163924368900E-01 -0.816375380575E-02  0.499879168958E-02
  0.214607898446E-01 -0.265800734766E-01 -0.163924368900E-01  0.102384450127E-01  0.158753177653E-02 -0.180704888767E-02
  0.114614149372E-01  0.185818955285E-02 -0.816375380575E-02  0.158753177653E-02  0.254815303730E-02 -0.883107508781E-03
 -0.510571076944E-02 -0.381112494531E-02  0.499879168958E-02 -0.180704888767E-02 -0.883107508781E-03  0.968469968992E-03
