  0.567434843039     -0.115296575428     -0.113335178771      0.434577147789E-01  0.534406652590E-02 -0.127218335059E-01
 -0.115296575428      0.257200904642     -0.470458830867E-01 -0.647569297427E-01  0.317923355402E-01  0.176281235014E-02
 -0.113335178771     -0.470458830867E-01  0.107228414392     -0.164654746909E-01 -0.274175796332E-01  0.150126553652E-01
  0.434577147789E-01 -0.647569297427E-01 -0.164654746909E-01  0.471018683952E-01 -0.120867303060E-01 -0.392392765310E-02
  0.534406652590E-02  0.317923355402E-01 -0.274175796332E-01 -0.120867303060E-01  0.173510635160E-01 -0.498841694704E-02
 -0.127218335059E-01  0.176281235014E-02  0.150126553652E-01 -0.392392765310E-02 -0.498841694704E-02  0.368290601588E-02
