  0.309492999749E-16  0.234314200453E-01  0.233968764244E-02 -0.782370175066E-02 -0.196888321912E-02  0.436393808119E-02
 -0.234314200453E-01  0.494501991276E-16  0.155693435277E-02 -0.814797376678E-02  0.335527788438E-03  0.208282885985E-02
 -0.233968764244E-02 -0.155693435277E-02  0.130193102391E-15  0.471125329626E-02  0.241013786752E-02 -0.330289723921E-03
  0.782370175066E-02  0.814797376678E-02 -0.471125329626E-02  0.222354193994E-16 -0.306872583624E-02  0.116327982654E-02
  0.196888321912E-02 -0.335527788438E-03 -0.241013786752E-02  0.306872583624E-02 -0.106455289789E-16 -0.130939458653E-02
 -0.436393808119E-02 -0.208282885985E-02  0.330289723921E-03 -0.116327982654E-02  0.130939458653E-02 -0.997750057268E-17
