 -0.346307058550E-16  0.282521310677E-01 -0.110166954143E-01  0.340027422341E-01 -0.248018924984E-01 -0.185097071004E-03
 -0.282521310677E-01 -0.420221402006E-16 -0.129048742462E-01  0.347368786746E-01 -0.395241899270E-01  0.293795410633E-01
  0.110166954143E-01  0.129048742462E-01 -0.163020789359E-16 -0.859130793122E-02 -0.325304405483E-02  0.649590269157E-02
 -0.340027422341E-01 -0.347368786746E-01  0.859130793122E-02 -0.466414362952E-17  0.120174537947E-01 -0.115403073003E-01
  0.248018924984E-01  0.395241899270E-01  0.325304405483E-02 -0.120174537947E-01 -0.149790766563E-16  0.191913994028E-02
  0.185097071004E-03 -0.293795410633E-01 -0.649590269157E-02  0.115403073003E-01 -0.191913994028E-02 -0.533685665301E-17
