  0.153756772251E-16  0.249147723950E-01 -0.464242462608E-02  0.102925397470E-01 -0.251731791842E-02  0.127666325482E-02
 -0.249147723950E-01  0.399162815708E-16 -0.250482420873E-02  0.135408077767E-02 -0.116699997429E-01  0.719335750209E-02
  0.464242462608E-02  0.250482420873E-02 -0.216329498023E-16  0.126195876324E-01 -0.664168963753E-02  0.559923843942E-02
 -0.102925397470E-01 -0.135408077767E-02 -0.126195876324E-01 -0.313328853589E-16  0.141742537542E-02 -0.355752721556E-02
  0.251731791842E-02  0.116699997429E-01  0.664168963753E-02 -0.141742537542E-02  0.204117348941E-17 -0.274645476261E-02
 -0.127666325482E-02 -0.719335750209E-02 -0.559923843942E-02  0.355752721556E-02  0.274645476261E-02 -0.136041886946E-17
