  0.531210414602      0.326960212679E-01 -0.571266583329E-01  0.193137743593E-01  0.382036909183E-02 -0.514132922411E-02
  0.326960212679E-01  0.315184205431     -0.103032413821      0.132506633336E-01 -0.812874726762E-02 -0.331566408786E-02
 -0.571266583329E-01 -0.103032413821      0.135687639345     -0.357546841749E-01 -0.447784044809E-02  0.422150718289E-02
  0.193137743593E-01  0.132506633336E-01 -0.357546841749E-01  0.142251049588E-01  0.580067606516E-03 -0.170160912417E-02
  0.382036909183E-02 -0.812874726762E-02 -0.447784044809E-02  0.580067606516E-03  0.302805273472E-02 -0.693092109876E-03
 -0.514132922411E-02 -0.331566408786E-02  0.422150718289E-02 -0.170160912417E-02 -0.693092109876E-03  0.664582928277E-03
