  0.764425818673E-17  0.122769382911E-01 -0.171347388473E-01  0.534408245185E-02  0.104992478789E-01 -0.425630292403E-02
 -0.122769382911E-01 -0.118409478762E-16 -0.515141330110E-02  0.206435601655E-01 -0.218168941319E-01  0.991035136791E-02
  0.171347388473E-01  0.515141330110E-02  0.282893938375E-16 -0.512838455040E-02  0.199821855887E-02  0.184173677772E-02
 -0.534408245185E-02 -0.206435601655E-01  0.512838455040E-02 -0.265494994557E-16  0.120438479726E-01 -0.127907791683E-01
 -0.104992478789E-01  0.218168941319E-01 -0.199821855887E-02 -0.120438479726E-01  0.410163990378E-16  0.741212281109E-02
  0.425630292403E-02 -0.991035136791E-02 -0.184173677772E-02  0.127907791683E-01 -0.741212281109E-02  0.126887436340E-16
