  0.399153430193     -0.166950035397     -0.434641902296E-01  0.307825200634E-01  0.591225758525E-02 -0.154221087554E-01
 -0.166950035397      0.280883895325     -0.103892310978     -0.418755856333E-01  0.483550857083E-01 -0.169543622314E-01
 -0.434641902296E-01 -0.103892310978      0.164553834540     -0.698237105202E-01 -0.949852416215E-02  0.204548556468E-01
  0.307825200634E-01 -0.418755856333E-01 -0.698237105202E-01  0.104108553093     -0.472927584644E-01  0.683541183631E-02
  0.591225758525E-02  0.483550857083E-01 -0.949852416215E-02 -0.472927584644E-01  0.420767258214E-01 -0.164167960548E-01
 -0.154221087554E-01 -0.169543622314E-01  0.204548556468E-01  0.683541183631E-02 -0.164167960548E-01  0.922356102722E-02
