  0.482685430306     -0.382358002518E-03 -0.582996389404E-01  0.183841659497E-01 -0.975513079726E-02  0.240088570454E-02
 -0.382358002518E-03  0.320985659236     -0.111878335193      0.120573554383E-02  0.639217935720E-02  0.104379014119E-03
 -0.582996389404E-01 -0.111878335193      0.151035275979     -0.511630266404E-01 -0.210086125090E-02  0.261463105914E-02
  0.183841659497E-01  0.120573554383E-02 -0.511630266404E-01  0.398962615343E-01 -0.815691695097E-02 -0.141007011336E-03
 -0.975513079726E-02  0.639217935720E-02 -0.210086125090E-02 -0.815691695097E-02  0.514917174435E-02 -0.735895620966E-03
  0.240088570454E-02  0.104379014119E-03  0.261463105914E-02 -0.141007011336E-03 -0.735895620966E-03  0.248201200702E-03
