 -0.796330816607E-17 -0.344069244540E-02 -0.728457391213E-02  0.939313617938E-02 -0.102503517059E-01  0.131685642806E-02
  0.344069244540E-02 -0.182537953098E-16  0.376117759774E-01 -0.157668661264E-02 -0.693398873857E-02  0.193686595964E-02
  0.728457391213E-02 -0.376117759774E-01 -0.657954813305E-17 -0.209217237973E-01  0.167206609836E-02  0.103287391063E-02
 -0.939313617938E-02  0.157668661264E-02  0.209217237973E-01 -0.130776568390E-17 -0.255308754130E-02  0.544458638556E-03
  0.102503517059E-01  0.693398873857E-02 -0.167206609836E-02  0.255308754130E-02  0.268466018382E-18 -0.172248654260E-03
 -0.131685642806E-02 -0.193686595964E-02 -0.103287391063E-02 -0.544458638556E-03  0.172248654260E-03  0.226459017380E-19
