  0.446356045461     -0.944104711062E-01 -0.734741011803E-01  0.209284585654E-01  0.165172095767E-01 -0.180273386295E-01
 -0.944104711062E-01  0.262049067052     -0.771429022468E-01 -0.551963749640E-01  0.420056601680E-01 -0.884463383930E-03
 -0.734741011803E-01 -0.771429022468E-01  0.158527799107     -0.411749282436E-01 -0.448701225103E-01  0.333682260956E-01
  0.209284585654E-01 -0.551963749640E-01 -0.411749282436E-01  0.807134732643E-01 -0.183119067160E-01 -0.108942106228E-01
  0.165172095767E-01  0.420056601680E-01 -0.448701225103E-01 -0.183119067160E-01  0.379227921968E-01 -0.169289931761E-01
 -0.180273386295E-01 -0.884463383930E-03  0.333682260956E-01 -0.108942106228E-01 -0.169289931761E-01  0.144308229189E-01
