 -0.252189959470E-16 -0.725842178216E-02  0.329738107573E-02  0.114981077111E-01 -0.163295852384E-01  0.501193879037E-02
  0.725842178216E-02  0.240362892788E-16  0.405932870999E-01 -0.248783300436E-01 -0.259505628350E-01  0.936212583386E-02
 -0.329738107573E-02 -0.405932870999E-01 -0.216862500310E-16 -0.266360869201E-02  0.664805678669E-02  0.312968251589E-03
 -0.114981077111E-01  0.248783300436E-01  0.266360869201E-02 -0.109595288287E-16 -0.200678960861E-02  0.249692915555E-03
  0.163295852384E-01  0.259505628350E-01 -0.664805678669E-02  0.200678960861E-02  0.702815475989E-19 -0.162932708961E-02
 -0.501193879037E-02 -0.936212583386E-02 -0.312968251589E-03 -0.249692915555E-03  0.162932708961E-02 -0.422787434775E-19
