  0.357561626964E-17 -0.312368621617E-03  0.215271841204E-01 -0.132113457125E-01  0.149091770358E-01 -0.326730812717E-02
  0.312368621617E-03 -0.181882411883E-16  0.522909931158E-03 -0.940366510835E-02 -0.275406676788E-02  0.211185627238E-02
 -0.215271841204E-01 -0.522909931158E-03 -0.795881853798E-17  0.126823330317E-01 -0.909663343264E-02  0.320300875654E-02
  0.132113457125E-01  0.940366510835E-02 -0.126823330317E-01  0.211610939951E-16  0.465456586871E-02 -0.189934515110E-02
 -0.149091770358E-01  0.275406676788E-02  0.909663343264E-02 -0.465456586871E-02  0.159176370760E-17 -0.143823742421E-02
  0.326730812717E-02 -0.211185627238E-02 -0.320300875654E-02  0.189934515110E-02  0.143823742421E-02 -0.216819284435E-17
