  0.590564328234     -0.881910690262E-01 -0.950998449546E-01  0.254818062238E-01  0.254525266902E-02 -0.155049595567E-02
 -0.881910690262E-01  0.243547646717     -0.152470785682E-01 -0.553788845000E-01  0.389571197555E-01 -0.121260475194E-02
 -0.950998449546E-01 -0.152470785682E-01  0.115387977413     -0.336862930861E-01  0.264584326507E-02 -0.726021540068E-02
  0.254818062238E-01 -0.553788845000E-01 -0.336862930861E-01  0.304106870558E-01 -0.149000114440E-01  0.314386208232E-02
  0.254525266902E-02  0.389571197555E-01  0.264584326507E-02 -0.149000114440E-01  0.158838713756E-01 -0.477290997473E-02
 -0.155049595567E-02 -0.121260475194E-02 -0.726021540068E-02  0.314386208232E-02 -0.477290997473E-02  0.420548920379E-02
