 -0.939903058936E-17 -0.171361754297E-01 -0.284798903221E-01  0.165018502366E-01 -0.755562936749E-02  0.338117132495E-02
  0.171361754297E-01  0.336732605949E-16  0.451289423693E-02  0.110958230460E-01 -0.200494101542E-01  0.127423617661E-01
  0.284798903221E-01 -0.451289423693E-02  0.142944859255E-17 -0.673899508697E-02  0.172930914665E-01 -0.131602255474E-01
 -0.165018502366E-01 -0.110958230460E-01  0.673899508697E-02  0.120853381006E-16  0.678072473735E-02 -0.635337550649E-02
  0.755562936749E-02  0.200494101542E-01 -0.172930914665E-01 -0.678072473735E-02  0.400245605914E-16  0.676317460863E-02
 -0.338117132495E-02 -0.127423617661E-01  0.131602255474E-01  0.635337550649E-02 -0.676317460863E-02  0.622744152464E-17
