 -0.153478106019E-16 -0.550483273685E-02 -0.619433940787E-03  0.280038111158E-02  0.183144145024E-01 -0.108133186482E-01
  0.550483273685E-02 -0.626234001178E-17  0.476164753619E-01 -0.766637563846E-02 -0.862717783905E-02 -0.139612501397E-02
  0.619433940787E-03 -0.476164753619E-01 -0.251306012149E-16 -0.122202884474E-01 -0.139740101159E-01  0.594002678911E-02
 -0.280038111158E-02  0.766637563846E-02  0.122202884474E-01 -0.731170509484E-18 -0.386996719656E-02  0.411563808358E-02
 -0.183144145024E-01  0.862717783905E-02  0.139740101159E-01  0.386996719656E-02 -0.199311664807E-16 -0.607917319377E-02
  0.108133186482E-01  0.139612501397E-02 -0.594002678911E-02 -0.411563808358E-02  0.607917319377E-02 -0.619210025219E-17
