  0.608409958166     -0.559032843072E-01 -0.120259532240      0.470198209731E-01  0.232571858328E-03 -0.259512288924E-02
 -0.559032843072E-01  0.225007114103     -0.373777337254E-01 -0.258178143900E-01  0.143102785390E-01  0.174081297558E-02
 -0.120259532240     -0.373777337254E-01  0.109386620380     -0.414259142705E-01  0.742108808280E-02 -0.390280887553E-02
  0.470198209731E-01 -0.258178143900E-01 -0.414259142705E-01  0.425642859962E-01 -0.162517884318E-01  0.716842711357E-03
  0.232571858328E-03  0.143102785390E-01  0.742108808280E-02 -0.162517884318E-01  0.126498454952E-01 -0.285650192282E-02
 -0.259512288924E-02  0.174081297558E-02 -0.390280887553E-02  0.716842711357E-03 -0.285650192282E-02  0.198217586005E-02
