  0.322639160536     -0.697630049082E-01 -0.572327874741E-01  0.251846705458E-01  0.872861563883E-02 -0.725354098026E-02
 -0.697630049082E-01  0.346556826661     -0.239460848423      0.813872233009E-01 -0.261292212527E-01  0.545048939157E-02
 -0.572327874741E-01 -0.239460848423      0.257178440106     -0.863780700087E-01  0.305029221112E-02  0.239418712304E-02
  0.251846705458E-01  0.813872233009E-01 -0.863780700087E-01  0.443504522521E-01 -0.144356127702E-01  0.828867196845E-02
  0.872861563883E-02 -0.261292212527E-01  0.305029221112E-02 -0.144356127702E-01  0.218799943707E-01 -0.117307449181E-01
 -0.725354098026E-02  0.545048939157E-02  0.239418712304E-02  0.828867196845E-02 -0.117307449181E-01  0.739512607433E-02
