  0.364557545453     -0.153979589825     -0.287727003555E-01  0.541918201545E-01 -0.146980918197E-02 -0.142353376204E-01
 -0.153979589825      0.273623400284     -0.141567159846     -0.146011645006E-01  0.292072412213E-01 -0.872601276851E-02
 -0.287727003555E-01 -0.141567159846      0.180508337068     -0.651116545246E-01 -0.413815755414E-02  0.144619006317E-01
  0.541918201545E-01 -0.146011645006E-01 -0.651116545246E-01  0.974226826652E-01 -0.625971051718E-01  0.186095591914E-01
 -0.146980918197E-02  0.292072412213E-01 -0.413815755414E-02 -0.625971051718E-01  0.674286924009E-01 -0.304216482149E-01
 -0.142353376204E-01 -0.872601276851E-02  0.144619006317E-01  0.186095591914E-01 -0.304216482149E-01  0.164593421292E-01
