  0.460122851551     -0.132089166827     -0.101002144052      0.379698872602E-01  0.236902694289E-01 -0.192542593898E-01
 -0.132089166827      0.300869310033     -0.689381042036E-01 -0.618940221041E-01  0.304086874140E-01  0.483431453092E-02
 -0.101002144052     -0.689381042036E-01  0.133465885608     -0.479159988105E-01 -0.370210048840E-01  0.344288276940E-01
  0.379698872602E-01 -0.618940221041E-01 -0.479159988105E-01  0.723776756097E-01 -0.167635398461E-02 -0.247848045858E-01
  0.236902694289E-01  0.304086874140E-01 -0.370210048840E-01 -0.167635398461E-02  0.195572034286E-01 -0.876863021148E-02
 -0.192542593898E-01  0.483431453092E-02  0.344288276940E-01 -0.247848045858E-01 -0.876863021148E-02  0.136070737695E-01
