 -0.117926503442E-16  0.877018127478E-02 -0.649469524048E-02 -0.155021469667E-01 -0.100594720405E-01 -0.314046785138E-01
 -0.877018127478E-02 -0.184696736228E-16  0.256937128630E-01 -0.638085007410E-02 -0.143457224579E-01  0.206622228002E-01
  0.649469524048E-02 -0.256937128630E-01  0.266053696791E-17 -0.105164966593E-01  0.372249283557E-02 -0.322789974686E-02
  0.155021469667E-01  0.638085007410E-02  0.105164966593E-01  0.183874948747E-17 -0.439338566043E-02  0.499098896721E-02
  0.100594720405E-01  0.143457224579E-01 -0.372249283557E-02  0.439338566043E-02  0.248077095656E-17 -0.148038039838E-02
  0.314046785138E-01 -0.206622228002E-01  0.322789974686E-02 -0.499098896721E-02  0.148038039838E-02  0.532566438932E-16
