  0.491634808595     -0.427405139687E-01 -0.103954549982      0.202262866143E-01  0.590461915201E-02  0.584697656659E-03
 -0.427405139687E-01  0.301220354452     -0.721679075173E-02 -0.526057120164E-01  0.223692433825E-01 -0.276532823519E-02
 -0.103954549982     -0.721679075173E-02  0.133154029835     -0.387072598024E-01 -0.234205125518E-01  0.125723361692E-01
  0.202262866143E-01 -0.526057120164E-01 -0.387072598024E-01  0.482472824626E-01 -0.138862968149E-01  0.294944305789E-02
  0.590461915201E-02  0.223692433825E-01 -0.234205125518E-01 -0.138862968149E-01  0.204923484563E-01 -0.960663213425E-02
  0.584697656659E-03 -0.276532823519E-02  0.125723361692E-01  0.294944305789E-02 -0.960663213425E-02  0.525117619949E-02
