  0.587813028234     -0.855615418865E-01 -0.122043109096      0.470223695154E-01  0.286195791837E-02 -0.775890065469E-02
 -0.855615418865E-01  0.234384663608     -0.620631742437E-01 -0.294652251410E-01  0.215317370005E-01 -0.166292117474E-02
 -0.122043109096     -0.620631742437E-01  0.136822282980     -0.343484400101E-01 -0.171746069332E-01  0.835414873126E-02
  0.470223695154E-01 -0.294652251410E-01 -0.343484400101E-01  0.290679104496E-01 -0.707832431916E-02 -0.162936570598E-03
  0.286195791837E-02  0.215317370005E-01 -0.171746069332E-01 -0.707832431916E-02  0.105011520245E-01 -0.320856984686E-02
 -0.775890065469E-02 -0.166292117474E-02  0.835414873126E-02 -0.162936570598E-03 -0.320856984686E-02  0.141096270397E-02
