  0.331391340286     -0.234006297112      0.677005178512E-01 -0.158404507419E-01  0.207745804608E-02 -0.298813515911E-02
 -0.234006297112      0.501484323480     -0.177249045048      0.267894673458E-01 -0.233739712910E-02  0.416005489602E-02
  0.677005178512E-01 -0.177249045048      0.139661011306     -0.502414874816E-01  0.940252111275E-02 -0.326367095817E-02
 -0.158404507419E-01  0.267894673458E-01 -0.502414874816E-01  0.258352228695E-01 -0.575805691535E-02  0.148055804623E-02
  0.207745804608E-02 -0.233739712910E-02  0.940252111275E-02 -0.575805691535E-02  0.149469442596E-02 -0.382378570983E-03
 -0.298813515911E-02  0.416005489602E-02 -0.326367095817E-02  0.148055804623E-02 -0.382378570983E-03  0.133407632313E-03
