  0.102596173867E-16 -0.162223614085E-02  0.172889677482E-01 -0.373012694409E-02 -0.692178548329E-02 -0.767605663359E-02
  0.162223614085E-02  0.496058406153E-16  0.407348247600E-01 -0.293606283276E-01 -0.189878377292E-01  0.109122428125E-02
 -0.172889677482E-01 -0.407348247600E-01  0.617364655443E-17 -0.108401344087E-01  0.960301888846E-02  0.142249174444E-02
  0.373012694409E-02  0.293606283276E-01  0.108401344087E-01  0.149740456468E-16 -0.120418029612E-01 -0.209852646662E-04
  0.692178548329E-02  0.189878377292E-01 -0.960301888846E-02  0.120418029612E-01  0.136305433234E-16 -0.160288546520E-02
  0.767605663359E-02 -0.109122428125E-02 -0.142249174444E-02  0.209852646662E-04  0.160288546520E-02 -0.324563347167E-17
