  0.475960090773     -0.434073343578      0.134731110790     -0.196155369175E-01  0.129552825714E-01 -0.133574976205E-02
 -0.434073343578      0.439321586419     -0.148450186024      0.232673233018E-01 -0.567608931739E-02  0.193805545983E-02
  0.134731110790     -0.148450186024      0.730420078164E-01 -0.193738033572E-01  0.400649684061E-02 -0.266006084649E-02
 -0.196155369175E-01  0.232673233018E-01 -0.193738033572E-01  0.726198548931E-02 -0.168172793789E-02  0.876397114184E-03
  0.129552825714E-01 -0.567608931739E-02  0.400649684061E-02 -0.168172793789E-02  0.301025242670E-02 -0.138209180100E-02
 -0.133574976205E-02  0.193805545983E-02 -0.266006084649E-02  0.876397114184E-03 -0.138209180100E-02  0.140407707473E-02
