  0.349875546436     -0.264646630856E-01 -0.469992491814E-01  0.311587090673E-01 -0.132785521043E-01  0.630191706795E-02
 -0.264646630856E-01  0.440784974829     -0.153810290361     -0.108813530090E-01  0.220621255734E-02  0.413680932925E-02
 -0.469992491814E-01 -0.153810290361      0.130132851315     -0.487966198096E-01  0.101414819896E-01 -0.525596912489E-03
  0.311587090673E-01 -0.108813530090E-01 -0.487966198096E-01  0.651492410181E-01 -0.255555654214E-01  0.237763280952E-02
 -0.132785521043E-01  0.220621255734E-02  0.101414819896E-01 -0.255555654214E-01  0.133658719176E-01 -0.218006159810E-02
  0.630191706795E-02  0.413680932925E-02 -0.525596912489E-03  0.237763280952E-02 -0.218006159810E-02  0.691514484782E-03
