  0.681531067853     -0.304456780357E-01 -0.856685442675E-01  0.271137934154E-01  0.125276248913E-01 -0.607718505916E-02
 -0.304456780357E-01  0.245922117434     -0.171220347364E-01 -0.229296779503E-01 -0.665561742513E-03 -0.162139245803E-02
 -0.856685442675E-01 -0.171220347364E-01  0.608290078865E-01 -0.153757978870E-01 -0.963690224285E-02  0.515600214453E-02
  0.271137934154E-01 -0.229296779503E-01 -0.153757978870E-01  0.851222366570E-02  0.271032530739E-02 -0.163025581407E-02
  0.125276248913E-01 -0.665561742513E-03 -0.963690224285E-02  0.271032530739E-02  0.230517682837E-02 -0.936891150767E-03
 -0.607718505916E-02 -0.162139245803E-02  0.515600214453E-02 -0.163025581407E-02 -0.936891150767E-03  0.900406332585E-03
