  0.200603604427E-17 -0.181308613317E-02  0.422605507672E-02 -0.277782572094E-02 -0.328930967806E-02  0.296381806786E-02
  0.181308613317E-02  0.560310583367E-16 -0.146361889143E-01  0.194282606520E-01  0.482184706145E-02 -0.656001825061E-02
 -0.422605507672E-02  0.146361889143E-01  0.988648136429E-18 -0.233366392249E-02 -0.109107707885E-01 -0.118758151642E-02
  0.277782572094E-02 -0.194282606520E-01  0.233366392249E-02  0.469952742061E-16  0.763275929983E-02  0.157034143202E-03
  0.328930967806E-02 -0.482184706145E-02  0.109107707885E-01 -0.763275929983E-02 -0.188532900435E-16  0.365312944180E-02
 -0.296381806786E-02  0.656001825061E-02  0.118758151642E-02 -0.157034143202E-03 -0.365312944180E-02 -0.381915637296E-17
