  0.145470860341E-16  0.938899529474E-02 -0.178169218126E-01  0.358149241246E-01 -0.111749462108E-01  0.692572439890E-03
 -0.938899529474E-02  0.150506830329E-17  0.782608992436E-02 -0.861495530005E-02 -0.136957584941E-01  0.920471187195E-02
  0.178169218126E-01 -0.782608992436E-02  0.227992095829E-16  0.940411836083E-02  0.350620941203E-03 -0.234112079320E-02
 -0.358149241246E-01  0.861495530005E-02 -0.940411836083E-02 -0.320470817430E-17  0.613514095985E-02 -0.101254093089E-02
  0.111749462108E-01  0.136957584941E-01 -0.350620941203E-03 -0.613514095985E-02 -0.206016954062E-17 -0.184615258896E-03
 -0.692572439890E-03 -0.920471187195E-02  0.234112079320E-02  0.101254093089E-02  0.184615258896E-03  0.434030509990E-17
