  0.571419019227     -0.910078116328E-01 -0.856326841745E-01  0.386398107182E-01  0.135723419070E-01 -0.804809366636E-02
 -0.910078116328E-01  0.259952084200     -0.324010679000E-01 -0.794631554030E-01  0.337960027841E-01  0.998341160011E-03
 -0.856326841745E-01 -0.324010679000E-01  0.110969382572     -0.334222372816E-01 -0.118842946882E-01  0.103784899762E-01
  0.386398107182E-01 -0.794631554030E-01 -0.334222372816E-01  0.468438894830E-01 -0.991505996154E-02 -0.579666658184E-02
  0.135723419070E-01  0.337960027841E-01 -0.118842946882E-01 -0.991505996154E-02  0.852144955457E-02 -0.103164221807E-02
 -0.804809366636E-02  0.998341160011E-03  0.103784899762E-01 -0.579666658184E-02 -0.103164221807E-02  0.229417496309E-02
