  0.587116557378     -0.796921163349E-01 -0.107531988005      0.332139603247E-01  0.171450395575E-01 -0.120443163876E-01
 -0.796921163349E-01  0.257499004170     -0.400867504344E-01 -0.550977268470E-01  0.224522178958E-01 -0.482041244647E-02
 -0.107531988005     -0.400867504344E-01  0.113724901623     -0.289041185860E-01 -0.133851825886E-01  0.840707229727E-02
  0.332139603247E-01 -0.550977268470E-01 -0.289041185860E-01  0.326497016232E-01 -0.630200570020E-02 -0.515597460994E-03
  0.171450395575E-01  0.224522178958E-01 -0.133851825886E-01 -0.630200570020E-02  0.718897736566E-02 -0.289781385626E-02
 -0.120443163876E-01 -0.482041244647E-02  0.840707229727E-02 -0.515597460994E-03 -0.289781385626E-02  0.182085784066E-02
