  0.611981457744      0.567081386965E-02 -0.124897551005      0.360054589168E-01  0.164020952577E-01 -0.109913570071E-01
  0.567081386965E-02  0.234871936833     -0.734301440842E-01 -0.516055602507E-02  0.124815243793E-02 -0.139805970690E-03
 -0.124897551005     -0.734301440842E-01  0.132062936204     -0.348323426972E-01 -0.868014830854E-03  0.175322985426E-02
  0.360054589168E-01 -0.516055602507E-02 -0.348323426972E-01  0.169276405248E-01 -0.277225328221E-02 -0.369453538180E-03
  0.164020952577E-01  0.124815243793E-02 -0.868014830854E-03 -0.277225328221E-02  0.347850154125E-02 -0.839473430627E-03
 -0.109913570071E-01 -0.139805970690E-03  0.175322985426E-02 -0.369453538180E-03 -0.839473430627E-03  0.677527152325E-03
