  0.391436065978E-16  0.127535988238E-01 -0.107105923396E-01 -0.153140789781E-01  0.207027298124E-01  0.362618656701E-02
 -0.127535988238E-01  0.183107646214E-16  0.446703619708E-02  0.225042961663E-01 -0.166390946590E-02 -0.136473326774E-01
  0.107105923396E-01 -0.446703619708E-02  0.357272440850E-16  0.524689155797E-02 -0.114595188135E-01  0.647817918834E-02
  0.153140789781E-01 -0.225042961663E-01 -0.524689155797E-02 -0.122329377151E-16  0.156820291761E-02 -0.275130522638E-02
 -0.207027298124E-01  0.166390946590E-02  0.114595188135E-01 -0.156820291761E-02  0.135136423857E-16  0.132877320061E-02
 -0.362618656701E-02  0.136473326774E-01 -0.647817918834E-02  0.275130522638E-02 -0.132877320061E-02  0.134013392148E-17
