  0.521754903782     -0.172670255761     -0.444100396171E-01  0.227617353858E-01 -0.360549987427E-02  0.100884868121E-01
 -0.172670255761      0.288070323547     -0.888071987270E-01 -0.351398318587E-01  0.398756568860E-01 -0.212930799488E-01
 -0.444100396171E-01 -0.888071987270E-01  0.100542048085      0.307013650364E-02 -0.357109426154E-01  0.185275833239E-01
  0.227617353858E-01 -0.351398318587E-01  0.307013650364E-02  0.396501623386E-01 -0.330502045268E-01  0.112223146715E-01
 -0.360549987427E-02  0.398756568860E-01 -0.357109426154E-01 -0.330502045268E-01  0.424315532440E-01 -0.167792112263E-01
  0.100884868121E-01 -0.212930799488E-01  0.185275833239E-01  0.112223146715E-01 -0.167792112263E-01  0.755100900360E-02
