 -0.117302054269E-16  0.701560984752E-02  0.976570744775E-02 -0.892567802251E-02 -0.391546819721E-02  0.918339605615E-02
 -0.701560984752E-02 -0.490143597333E-16  0.704759311860E-02 -0.115984512875E-01  0.788395822626E-03  0.271307234226E-02
 -0.976570744775E-02 -0.704759311860E-02  0.354942592004E-16  0.130016564901E-01 -0.833252317494E-02  0.350038796316E-02
  0.892567802251E-02  0.115984512875E-01 -0.130016564901E-01  0.473043706588E-17  0.231829297584E-02 -0.142729705103E-02
  0.391546819721E-02 -0.788395822626E-03  0.833252317494E-02 -0.231829297584E-02 -0.431252852104E-16 -0.122511769660E-02
 -0.918339605615E-02 -0.271307234226E-02 -0.350038796316E-02  0.142729705103E-02  0.122511769660E-02 -0.189043312457E-16
