 -0.123105094387E-16 -0.915008571508E-02 -0.129317411440E-02 -0.354818074183E-02 -0.470144345472E-02  0.347916718200E-02
  0.915008571508E-02 -0.908294242363E-17  0.877778105740E-02  0.131489621969E-01  0.612804250193E-02 -0.961196406616E-02
  0.129317411440E-02 -0.877778105740E-02 -0.468801017400E-16  0.644267898408E-02 -0.126959982354E-01 -0.153044920178E-02
  0.354818074183E-02 -0.131489621969E-01 -0.644267898408E-02 -0.112099214527E-16  0.638194124290E-03  0.489001491378E-02
  0.470144345472E-02 -0.612804250193E-02  0.126959982354E-01 -0.638194124290E-03  0.171889584327E-17  0.941452868294E-03
 -0.347916718200E-02  0.961196406616E-02  0.153044920178E-02 -0.489001491378E-02 -0.941452868294E-03  0.535647825621E-17
