  0.362693222399     -0.153007845439     -0.198328166686E-01  0.425056345752E-01 -0.232382394644E-01  0.220830178272E-02
 -0.153007845439      0.262590521780     -0.130858192119      0.208985022923E-02  0.161830739157E-01 -0.117721869803E-02
 -0.198328166686E-01 -0.130858192119      0.204982470466     -0.985270967691E-01  0.133562076861E-01  0.477445474313E-02
  0.425056345752E-01  0.208985022923E-02 -0.985270967691E-01  0.981294599558E-01 -0.508593847461E-01  0.178388996758E-01
 -0.232382394644E-01  0.161830739157E-01  0.133562076861E-01 -0.508593847461E-01  0.539689867648E-01 -0.287022956386E-01
  0.220830178272E-02 -0.117721869803E-02  0.477445474313E-02  0.178388996758E-01 -0.287022956386E-01  0.176353386351E-01
