 -0.900923223685E-17 -0.348233347447E-01  0.259537218249E-01  0.377272798297E-02  0.437683816994E-02  0.580679920747E-02
  0.348233347447E-01 -0.366305605289E-16  0.125604806754E-01  0.104590071312E-01 -0.114076276728E-01 -0.886256484408E-02
 -0.259537218249E-01 -0.125604806754E-01  0.375773779589E-16  0.194814747858E-01 -0.617741963635E-02  0.473362960527E-03
 -0.377272798297E-02 -0.104590071312E-01 -0.194814747858E-01 -0.421428537856E-17  0.203940377043E-02 -0.461945271199E-03
 -0.437683816994E-02  0.114076276728E-01  0.617741963635E-02 -0.203940377043E-02 -0.707169857085E-17 -0.332547807038E-02
 -0.580679920747E-02  0.886256484408E-02 -0.473362960527E-03  0.461945271199E-03  0.332547807038E-02 -0.170402194894E-16
