 -0.140779639845E-17  0.482378213666E-01 -0.196296808160E-02 -0.251309836546E-01 -0.162985736339E-01 -0.872452660701E-02
 -0.482378213666E-01  0.525890352060E-17  0.288940523329E-01 -0.108513201339E-01 -0.118017620295E-01  0.913516663345E-02
  0.196296808160E-02 -0.288940523329E-01  0.482960527402E-17 -0.133561294029E-01  0.624377193998E-02 -0.262304337659E-02
  0.251309836546E-01  0.108513201339E-01  0.133561294029E-01  0.399783992127E-17 -0.147885785363E-01  0.775522102441E-02
  0.162985736339E-01  0.118017620295E-01 -0.624377193998E-02  0.147885785363E-01  0.162060088084E-16 -0.310312418620E-02
  0.872452660701E-02 -0.913516663345E-02  0.262304337659E-02 -0.775522102441E-02  0.310312418620E-02  0.372718079237E-16
