  0.407025702250     -0.109341157395     -0.803186943765E-01  0.667223148173E-02  0.630641659530E-01 -0.345234579046E-01
 -0.109341157395      0.295562664453     -0.849094815634E-01 -0.675702865727E-01  0.420122545084E-01 -0.104647633541E-01
 -0.803186943765E-01 -0.849094815634E-01  0.173179080433     -0.400681372902E-01 -0.506523663223E-01  0.414596952094E-01
  0.667223148173E-02 -0.675702865727E-01 -0.400681372902E-01  0.654009400828E-01 -0.189943303537E-01 -0.635644807416E-02
  0.630641659530E-01  0.420122545084E-01 -0.506523663223E-01 -0.189943303537E-01  0.435973183776E-01 -0.213157736796E-01
 -0.345234579046E-01 -0.104647633541E-01  0.414596952094E-01 -0.635644807416E-02 -0.213157736796E-01  0.152342944040E-01
