  0.376456832624     -0.116913315999     -0.875832597057E-01  0.505428783367E-01 -0.191212121535E-02 -0.852820031164E-02
 -0.116913315999      0.227781173187     -0.725053748703E-01 -0.123610904066E-01  0.320281135476E-02  0.161645013562E-02
 -0.875832597057E-01 -0.725053748703E-01  0.229530037922     -0.110444095532     -0.161977067489E-01  0.366571617997E-01
  0.505428783367E-01 -0.123610904066E-01 -0.110444095532      0.942013544826E-01 -0.258849803488E-01 -0.340437801014E-02
 -0.191212121535E-02  0.320281135476E-02 -0.161977067489E-01 -0.258849803488E-01  0.489333711143E-01 -0.298661379080E-01
 -0.852820031164E-02  0.161645013562E-02  0.366571617997E-01 -0.340437801014E-02 -0.298661379080E-01  0.230972306709E-01
