  0.119080939021E-16  0.235359831549E-01 -0.329922434801E-01  0.440468930908E-01 -0.226233490232E-01 -0.274053932859E-02
 -0.235359831549E-01  0.405081786488E-16 -0.227824109539E-01  0.256665632024E-01 -0.274471683766E-01  0.182732276188E-01
  0.329922434801E-01  0.227824109539E-01  0.575199293496E-16 -0.564595873203E-02 -0.282639949645E-03  0.715880902585E-02
 -0.440468930908E-01 -0.256665632024E-01  0.564595873203E-02  0.421082938137E-17  0.121162274737E-01 -0.127116648380E-01
  0.226233490232E-01  0.274471683766E-01  0.282639949645E-03 -0.121162274737E-01 -0.136009789018E-16  0.196700902948E-02
  0.274053932859E-02 -0.182732276188E-01 -0.715880902585E-02  0.127116648380E-01 -0.196700902948E-02 -0.104458176052E-16
