  0.843914165510E-16  0.380658882326E-01 -0.237163440807E-01  0.255512728771E-02 -0.333025148495E-03 -0.156235060201E-02
 -0.380658882326E-01  0.103202593584E-16  0.144248446002E-01 -0.607017201072E-02  0.178823086973E-02  0.195467535298E-02
  0.237163440807E-01 -0.144248446002E-01  0.599879635389E-18 -0.814035778467E-03  0.134218151105E-02 -0.117615743802E-02
 -0.255512728771E-02  0.607017201072E-02  0.814035778467E-03 -0.940471490512E-17 -0.105907617903E-02  0.443036199536E-03
  0.333025148495E-03 -0.178823086973E-02 -0.134218151105E-02  0.105907617903E-02 -0.772272229637E-18 -0.112524283410E-03
  0.156235060201E-02 -0.195467535298E-02  0.117615743802E-02 -0.443036199536E-03  0.112524283410E-03 -0.325078887670E-19
