  0.640630807072     -0.382598395939E-01 -0.877122915420E-01  0.156145770327E-01  0.268244460796E-01 -0.121430881235E-01
 -0.382598395939E-01  0.245998165111     -0.266430552227E-01 -0.257832213244E-01  0.400834806073E-02  0.260856223361E-02
 -0.877122915420E-01 -0.266430552227E-01  0.933119017048E-01 -0.110124703087E-01 -0.202756722962E-01  0.906867287099E-02
  0.156145770327E-01 -0.257832213244E-01 -0.110124703087E-01  0.963860127019E-02  0.729135541495E-03 -0.268704092359E-02
  0.268244460796E-01  0.400834806073E-02 -0.202756722962E-01  0.729135541495E-03  0.829866050381E-02 -0.315835825233E-02
 -0.121430881235E-01  0.260856223361E-02  0.906867287099E-02 -0.268704092359E-02 -0.315835825233E-02  0.212186433840E-02
