  0.262932096209E-16  0.271800790615E-01  0.123798942533E-02 -0.171694246769E-01  0.116099596489E-01 -0.319850567396E-02
 -0.271800790615E-01  0.243283227212E-16 -0.534177965287E-02  0.109565488513E-01  0.378760774142E-02 -0.636038920265E-02
 -0.123798942533E-02  0.534177965287E-02 -0.986675513942E-17  0.116864402974E-02 -0.110167653301E-01  0.807612135035E-02
  0.171694246769E-01 -0.109565488513E-01 -0.116864402974E-02 -0.115112143293E-16  0.594055702341E-02 -0.444520237216E-02
 -0.116099596489E-01 -0.378760774142E-02  0.110167653301E-01 -0.594055702341E-02 -0.483664467619E-19  0.200769525932E-02
  0.319850567396E-02  0.636038920265E-02 -0.807612135035E-02  0.444520237216E-02 -0.200769525932E-02  0.123289095699E-16
