  0.307131737069     -0.744451113077E-01  0.736291704849E-03  0.518887776389E-02  0.923507859907E-02 -0.101127066787E-01
 -0.744451113077E-01  0.540569771184     -0.183986303003      0.203005397795E-01 -0.402905359114E-02  0.262855071161E-02
  0.736291704849E-03 -0.183986303003      0.112597834451     -0.354655916403E-01  0.300698587589E-02  0.934212839909E-03
  0.518887776389E-02  0.203005397795E-01 -0.354655916403E-01  0.342422392567E-01 -0.962015678739E-02  0.822989317551E-03
  0.923507859907E-02 -0.402905359114E-02  0.300698587589E-02 -0.962015678739E-02  0.483244646698E-02 -0.118397960208E-02
 -0.101127066787E-01  0.262855071161E-02  0.934212839909E-03  0.822989317551E-03 -0.118397960208E-02  0.625971572264E-03
