  0.395655116856E-17 -0.605559752612E-02  0.146085213059E-01 -0.848983944577E-02 -0.122348810528E-01 -0.774056912924E-02
  0.605559752612E-02 -0.251153711553E-16  0.221803623365E-01 -0.183068562679E-01 -0.103238037045E-01  0.840143266555E-02
 -0.146085213059E-01 -0.221803623365E-01 -0.257021788926E-17 -0.750990534202E-02  0.530063181105E-02 -0.361453679019E-02
  0.848983944577E-02  0.183068562679E-01  0.750990534202E-02  0.988184229568E-17 -0.823607861363E-02  0.296279210697E-02
  0.122348810528E-01  0.103238037045E-01 -0.530063181105E-02  0.823607861363E-02 -0.919527724307E-17 -0.382612544665E-02
  0.774056912924E-02 -0.840143266555E-02  0.361453679019E-02 -0.296279210697E-02  0.382612544665E-02 -0.336680939261E-17
