  0.436984583003     -0.680634171482E-01 -0.788522862431E-01  0.839158776247E-02  0.279569609831E-01 -0.284161211349E-02
 -0.680634171482E-01  0.269117420075     -0.446442967684E-01 -0.981867331156E-01  0.478507411045E-01  0.118160228905E-01
 -0.788522862431E-01 -0.446442967684E-01  0.165721795479     -0.632208756364E-01 -0.521875555369E-01  0.346729340710E-01
  0.839158776247E-02 -0.981867331156E-01 -0.632208756364E-01  0.925854034447E-01 -0.123210448057E-02 -0.281401086788E-01
  0.279569609831E-01  0.478507411045E-01 -0.521875555369E-01 -0.123210448057E-02  0.248291634751E-01 -0.628728517128E-02
 -0.284161211349E-02  0.118160228905E-01  0.346729340710E-01 -0.281401086788E-01 -0.628728517128E-02  0.107616345229E-01
