 -0.900884087727E-17  0.235064402466E-01 -0.116569075449E-01  0.167565411799E-01 -0.722494957015E-02 -0.958276834079E-03
 -0.235064402466E-01 -0.681285036171E-17 -0.120804778453E-01  0.116816218887E-01 -0.189461648338E-01  0.141948731131E-01
  0.116569075449E-01  0.120804778453E-01 -0.495906673861E-17 -0.417503784929E-02  0.121421957791E-02 -0.187217446551E-02
 -0.167565411799E-01 -0.116816218887E-01  0.417503784929E-02  0.140167943148E-16  0.103272288711E-01 -0.900749537013E-02
  0.722494957015E-02  0.189461648338E-01 -0.121421957791E-02 -0.103272288711E-01  0.225269908631E-17  0.582973504024E-02
  0.958276834079E-03 -0.141948731131E-01  0.187217446551E-02  0.900749537013E-02 -0.582973504024E-02 -0.159340084298E-17
