  0.472297572302     -0.746750004542E-01 -0.526595232980E-01  0.345198818927E-01 -0.151040913218E-01  0.860623402711E-02
 -0.746750004542E-01  0.298561126961     -0.237458563208E-01 -0.793529704310E-01  0.239122601761E-01  0.285753331247E-02
 -0.526595232980E-01 -0.237458563208E-01  0.122136257724     -0.466229778971E-01 -0.128724577932E-01  0.114353903214E-01
  0.345198818927E-01 -0.793529704310E-01 -0.466229778971E-01  0.772397393606E-01 -0.281107490637E-01  0.620633947194E-03
 -0.151040913218E-01  0.239122601761E-01 -0.128724577932E-01 -0.281107490637E-01  0.262576207429E-01 -0.747683689103E-02
  0.860623402711E-02  0.285753331247E-02  0.114353903214E-01  0.620633947194E-03 -0.747683689103E-02  0.350768290886E-02
