  0.670462350753     -0.323664168513E-01 -0.947794257198E-01  0.190236358143E-01  0.835755451211E-02 -0.491750388098E-02
 -0.323664168513E-01  0.284432835234     -0.225799527880E-01 -0.256557389320E-01  0.253600197514E-02 -0.397373273958E-02
 -0.947794257198E-01 -0.225799527880E-01  0.286939782489E-01 -0.644003110523E-02 -0.793025576115E-02  0.432702433709E-02
  0.190236358143E-01 -0.256557389320E-01 -0.644003110523E-02  0.103976885649E-01  0.676362340346E-03 -0.189183145823E-02
  0.835755451211E-02  0.253600197514E-02 -0.793025576115E-02  0.676362340346E-03  0.495096582475E-02 -0.131697741993E-02
 -0.491750388098E-02 -0.397373273958E-02  0.432702433709E-02 -0.189183145823E-02 -0.131697741993E-02  0.106218137398E-02
