  0.584382824384     -0.134245570313     -0.928070848821E-01  0.327000744433E-01 -0.195314548722E-02 -0.552796459004E-02
 -0.134245570313      0.228143797365     -0.378368003823E-01 -0.478569727373E-01  0.302817393694E-01  0.738812189223E-02
 -0.928070848821E-01 -0.378368003823E-01  0.125747231189     -0.348137913196E-01 -0.213844405695E-01  0.136080735334E-01
  0.327000744433E-01 -0.478569727373E-01 -0.348137913196E-01  0.356467634383E-01 -0.497473287762E-02 -0.665698602614E-02
 -0.195314548722E-02  0.302817393694E-01 -0.213844405695E-01 -0.497473287762E-02  0.176512330792E-01 -0.842194152585E-02
 -0.552796459004E-02  0.738812189223E-02  0.136080735334E-01 -0.665698602614E-02 -0.842194152585E-02  0.842815054495E-02
