  0.886106775936     -0.217881237585E-01 -0.481912291106E-01 -0.323363987107E-02  0.503062446758E-02 -0.298495370364E-03
 -0.217881237585E-01  0.662901436795E-01 -0.101551362182E-01  0.266936588111E-02  0.233210731791E-02 -0.196926508607E-02
 -0.481912291106E-01 -0.101551362182E-01  0.405119367759E-01 -0.273798868841E-02 -0.260819491973E-03  0.395141937649E-03
 -0.323363987107E-02  0.266936588111E-02 -0.273798868841E-02  0.318669740450E-02  0.451537890027E-03 -0.115975884268E-02
  0.503062446758E-02  0.233210731791E-02 -0.260819491973E-03  0.451537890027E-03  0.165109191962E-02 -0.653854219571E-03
 -0.298495370364E-03 -0.196926508607E-02  0.395141937649E-03 -0.115975884268E-02 -0.653854219571E-03  0.225335428424E-02
