 -0.861242792776E-17 -0.263041236649E-01  0.830141830865E-02  0.110889306526E-01 -0.111162523082E-01  0.491272875230E-02
  0.263041236649E-01 -0.235387901563E-17  0.233767382748E-01 -0.708668711191E-02 -0.113345182148E-01  0.330207262802E-02
 -0.830141830865E-02 -0.233767382748E-01 -0.371082103640E-17  0.245265530832E-02  0.280573492091E-02 -0.686702573108E-03
 -0.110889306526E-01  0.708668711191E-02 -0.245265530832E-02  0.741471889922E-17  0.203697423715E-02 -0.494685708394E-03
  0.111162523082E-01  0.113345182148E-01 -0.280573492091E-02 -0.203697423715E-02  0.346158678768E-18 -0.154858014157E-04
 -0.491272875230E-02 -0.330207262802E-02  0.686702573108E-03  0.494685708394E-03  0.154858014157E-04  0.241337503854E-18
