  0.515295663222     -0.766587480038E-01 -0.977780868110E-01  0.167472054245E-01  0.236679796987E-01 -0.198255774928E-01
 -0.766587480038E-01  0.241968465455     -0.590300001432E-01 -0.279066110233E-01  0.195837955304E-01  0.178899601067E-02
 -0.977780868110E-01 -0.590300001432E-01  0.137572444281     -0.150157166766E-01 -0.487451930515E-01  0.293502724274E-01
  0.167472054245E-01 -0.279066110233E-01 -0.150157166766E-01  0.498425325752E-01 -0.213886971984E-01 -0.227408392316E-03
  0.236679796987E-01  0.195837955304E-01 -0.487451930515E-01 -0.213886971984E-01  0.428332907324E-01 -0.193951457222E-01
 -0.198255774928E-01  0.178899601067E-02  0.293502724274E-01 -0.227408392316E-03 -0.193951457222E-01  0.124876037340E-01
