  0.897283660671E-17  0.208047341318E-01 -0.660062108875E-02  0.972002805712E-02  0.108489035148E-01 -0.150397309114E-01
 -0.208047341318E-01 -0.113695438294E-16  0.287251355591E-02  0.263363734523E-01 -0.237177187278E-01 -0.542715933594E-03
  0.660062108875E-02 -0.287251355591E-02  0.640417268422E-17 -0.796431006968E-02 -0.169778175173E-01  0.148480256606E-01
 -0.972002805712E-02 -0.263363734523E-01  0.796431006968E-02  0.174094014717E-17  0.104955867927E-01 -0.431198206316E-02
 -0.108489035148E-01  0.237177187278E-01  0.169778175173E-01 -0.104955867927E-01  0.828500980750E-17  0.376814023562E-02
  0.150397309114E-01  0.542715933594E-03 -0.148480256606E-01  0.431198206316E-02 -0.376814023562E-02  0.618461215227E-17
