 -0.107705449998E-18 -0.174853827223E-01  0.154379534482E-02 -0.444047377136E-02 -0.125955028310E-02  0.251939939783E-03
  0.174853827223E-01 -0.906585442430E-19 -0.302647175343E-03  0.162630503298E-03  0.319884058987E-04  0.138682986605E-04
 -0.154379534482E-02  0.302647175343E-03  0.858305744312E-20 -0.108527967077E-03 -0.736846155226E-05 -0.378591863894E-05
  0.444047377136E-02 -0.162630503298E-03  0.108527967077E-03  0.586111561509E-21 -0.333385119476E-04  0.102298317721E-05
  0.125955028310E-02 -0.319884058987E-04  0.736846155226E-05  0.333385119476E-04 -0.670551362744E-22  0.393610427916E-06
 -0.251939939783E-03 -0.138682986605E-04  0.378591863894E-05 -0.102298317721E-05 -0.393610427916E-06  0.993409426287E-23
