  0.956339712088E-16  0.429422097761E-01 -0.164130563241E-01  0.279236721507E-02  0.753642978870E-02 -0.181176990928E-02
 -0.429422097761E-01  0.141225536314E-16 -0.404207717633E-02  0.198266450397E-02 -0.842375476060E-02  0.153730989175E-02
  0.164130563241E-01  0.404207717633E-02  0.798786970105E-17 -0.151015086555E-01  0.667713766301E-02 -0.281038913384E-02
 -0.279236721507E-02 -0.198266450397E-02  0.151015086555E-01  0.633997218172E-17 -0.146036727867E-02  0.615759237904E-03
 -0.753642978870E-02  0.842375476060E-02 -0.667713766301E-02  0.146036727867E-02 -0.720705543777E-18 -0.628187833696E-04
  0.181176990928E-02 -0.153730989175E-02  0.281038913384E-02 -0.615759237904E-03  0.628187833696E-04 -0.668122895260E-18
