  0.494206119382E-16 -0.156212027211E-01  0.435907188692E-01  0.165359765316E-02 -0.977552891754E-02  0.559574801614E-02
  0.156212027211E-01 -0.168095008372E-16  0.288950780573E-02 -0.249399005657E-01  0.239032601085E-02  0.865758463595E-02
 -0.435907188692E-01 -0.288950780573E-02  0.579971189901E-16  0.129415402942E-01 -0.191382213342E-01  0.972998037456E-02
 -0.165359765316E-02  0.249399005657E-01 -0.129415402942E-01 -0.173342079148E-16  0.777255088686E-02 -0.444311052253E-02
  0.977552891754E-02 -0.239032601085E-02  0.191382213342E-01 -0.777255088686E-02 -0.179381872846E-16 -0.227181927699E-02
 -0.559574801614E-02 -0.865758463595E-02 -0.972998037456E-02  0.444311052253E-02  0.227181927699E-02 -0.112944142162E-16
