  0.734556726448     -0.193009098269E-01 -0.920236333121E-01  0.186389828676E-01  0.234007381497E-01 -0.377384170205E-02
 -0.193009098269E-01  0.218198908742     -0.381625753562E-01 -0.283067535719E-03  0.147415980589E-03 -0.359728103381E-02
 -0.920236333121E-01 -0.381625753562E-01  0.304953161236E-01 -0.756984046339E-02 -0.857249014740E-02  0.305730743195E-02
  0.186389828676E-01 -0.283067535719E-03 -0.756984046339E-02  0.117270737851E-01  0.591649737460E-04 -0.564547068818E-03
  0.234007381497E-01  0.147415980589E-03 -0.857249014740E-02  0.591649737460E-04  0.459108557167E-02 -0.115922680413E-02
 -0.377384170205E-02 -0.359728103381E-02  0.305730743195E-02 -0.564547068818E-03 -0.115922680413E-02  0.430889330053E-03
