  0.531729300229     -0.122111460895     -0.979366096205E-01  0.517218870725E-01  0.985174034339E-02 -0.238999540245E-01
 -0.122111460895      0.251531244531     -0.531679150390E-01 -0.799183546413E-01  0.305913279457E-01  0.591206644820E-02
 -0.979366096205E-01 -0.531679150390E-01  0.138099277044     -0.352674409903E-01 -0.299594116470E-01  0.239630503760E-01
  0.517218870725E-01 -0.799183546413E-01 -0.352674409903E-01  0.595088511143E-01 -0.545228385229E-02 -0.108406715811E-01
  0.985174034339E-02  0.305913279457E-01 -0.299594116470E-01 -0.545228385229E-02  0.125183407694E-01 -0.541226545478E-02
 -0.238999540245E-01  0.591206644820E-02  0.239630503760E-01 -0.108406715811E-01 -0.541226545478E-02  0.661298631230E-02
