  0.774527450755E-17  0.669654168838E-02 -0.267211647548E-01  0.297887009426E-02 -0.684468770819E-02  0.778876806624E-02
 -0.669654168838E-02 -0.294416645877E-17 -0.308981416513E-01  0.501070780737E-01  0.661598484010E-03 -0.167964097196E-01
  0.267211647548E-01  0.308981416513E-01  0.103526899008E-16 -0.447112183702E-02 -0.141506142877E-01  0.191814793583E-02
 -0.297887009426E-02 -0.501070780737E-01  0.447112183702E-02 -0.110069491138E-16  0.864203108767E-02 -0.146755964426E-02
  0.684468770819E-02 -0.661598484010E-03  0.141506142877E-01 -0.864203108767E-02 -0.708139383548E-17  0.486473855976E-02
 -0.778876806624E-02  0.167964097196E-01 -0.191814793583E-02  0.146755964426E-02 -0.486473855976E-02  0.629002883144E-18
