  0.207067172128     -0.962813338247E-01 -0.150012470392E-01  0.287813076183E-01 -0.104526636948E-01  0.968851096151E-03
 -0.962813338247E-01  0.248575685176     -0.231520637374      0.128343549729     -0.465232291901E-01  0.135814338817E-01
 -0.150012470392E-01 -0.231520637374      0.329983671622     -0.209465752666      0.758075198173E-01 -0.191834100795E-01
  0.287813076183E-01  0.128343549729     -0.209465752666      0.161105054992     -0.754405393601E-01  0.242896413992E-01
 -0.104526636948E-01 -0.465232291901E-01  0.758075198173E-01 -0.754405393601E-01  0.458532910508E-01 -0.175359132470E-01
  0.968851096151E-03  0.135814338817E-01 -0.191834100795E-01  0.242896413992E-01 -0.175359132470E-01  0.741512503091E-02
