 -0.275152374566E-17 -0.202245987397E-01  0.689801763958E-02  0.102048830250E-01  0.371566763679E-02 -0.108794830469E-01
  0.202245987397E-01 -0.277659976985E-17  0.602585090189E-01 -0.175712449559E-01 -0.119800549980E-01  0.121737367631E-02
 -0.689801763958E-02 -0.602585090189E-01  0.837995135794E-17 -0.330022533907E-02  0.663251511222E-03 -0.118808417335E-02
 -0.102048830250E-01  0.175712449559E-01  0.330022533907E-02  0.178267735634E-17 -0.110949595042E-02  0.120217738578E-02
 -0.371566763679E-02  0.119800549980E-01 -0.663251511222E-03  0.110949595042E-02 -0.980244582131E-18 -0.118427128400E-02
  0.108794830469E-01 -0.121737367631E-02  0.118808417335E-02 -0.120217738578E-02  0.118427128400E-02  0.107484958250E-17
