  0.163122967420E-16  0.247397320302E-01  0.482050845587E-02 -0.889702532626E-03 -0.255986480625E-02 -0.249944465739E-02
 -0.247397320302E-01  0.314041833871E-17  0.574919960876E-02 -0.174091443180E-01  0.186916838825E-01 -0.203409597066E-02
 -0.482050845587E-02 -0.574919960876E-02 -0.240972694307E-16  0.247323883770E-03  0.832354577993E-02 -0.898061341793E-02
  0.889702532626E-03  0.174091443180E-01 -0.247323883770E-03 -0.130591653689E-17  0.309512393841E-03 -0.169767075457E-02
  0.255986480625E-02 -0.186916838825E-01 -0.832354577993E-02 -0.309512393841E-03 -0.379337660716E-17 -0.332871229017E-03
  0.249944465739E-02  0.203409597066E-02  0.898061341793E-02  0.169767075457E-02  0.332871229017E-03  0.132122024631E-17
