  0.344453560340E-17  0.464352281595E-01 -0.858390212856E-02  0.383844874688E-02  0.909529231592E-03 -0.334043442335E-02
 -0.464352281595E-01  0.308552766727E-17  0.420736034901E-02 -0.305188028998E-02 -0.679063254954E-02  0.332653546924E-02
  0.858390212856E-02 -0.420736034901E-02 -0.228988845747E-17 -0.275602442986E-04 -0.169129274431E-02 -0.526498199784E-03
 -0.383844874688E-02  0.305188028998E-02  0.275602442986E-04  0.720926747417E-17  0.870794215888E-04 -0.952751985818E-05
 -0.909529231592E-03  0.679063254954E-02  0.169129274431E-02 -0.870794215888E-04 -0.121286464909E-17  0.560775630067E-04
  0.334043442335E-02 -0.332653546924E-02  0.526498199784E-03  0.952751985818E-05 -0.560775630067E-04  0.197810643862E-18
