  0.544178384002     -0.120793109936     -0.734811878942E-01  0.216574826611E-01  0.179541060950E-01 -0.422821745454E-02
 -0.120793109936      0.247761514629     -0.390596695916E-01 -0.837600666042E-01  0.361361538754E-01  0.165926374290E-01
 -0.734811878942E-01 -0.390596695916E-01  0.127704387713     -0.331933920496E-01 -0.369121257237E-01  0.190172186624E-01
  0.216574826611E-01 -0.837600666042E-01 -0.331933920496E-01  0.568006951091E-01 -0.292757983725E-02 -0.171114615766E-01
  0.179541060950E-01  0.361361538754E-01 -0.369121257237E-01 -0.292757983725E-02  0.163305173127E-01 -0.344794637745E-02
 -0.422821745454E-02  0.165926374290E-01  0.190172186624E-01 -0.171114615766E-01 -0.344794637745E-02  0.722450123480E-02
