  0.121796164983E-16  0.136117418016E-01  0.514885822802E-02  0.305484720530E-02 -0.554127305804E-03  0.400478626892E-02
 -0.136117418016E-01  0.410924114094E-17  0.517164214678E-02 -0.292511616284E-02 -0.888721121771E-02  0.373563266744E-02
 -0.514885822802E-02 -0.517164214678E-02  0.313638193089E-16  0.923006090117E-02 -0.774304315184E-02  0.603022857873E-02
 -0.305484720530E-02  0.292511616284E-02 -0.923006090117E-02  0.361032408934E-16  0.546050527756E-03 -0.394351591469E-03
  0.554127305804E-03  0.888721121771E-02  0.774304315184E-02 -0.546050527756E-03 -0.166039478610E-17 -0.287193806546E-02
 -0.400478626892E-02 -0.373563266744E-02 -0.603022857873E-02  0.394351591469E-03  0.287193806546E-02 -0.815023693431E-17
