  0.369039412591     -0.151937697967      0.357427758842E-01 -0.114787723682E-01 -0.386385529663E-02 -0.335678345588E-02
 -0.151937697967      0.486162205413     -0.923508052445E-01 -0.167511164238E-01  0.208623280830E-01  0.175245299180E-02
  0.357427758842E-01 -0.923508052445E-01  0.103970752976     -0.298461611889E-01  0.225108957433E-02 -0.357520559903E-02
 -0.114787723682E-01 -0.167511164238E-01 -0.298461611889E-01  0.348816538174E-01 -0.116856104599E-01  0.224308679008E-02
 -0.386385529663E-02  0.208623280830E-01  0.225108957433E-02 -0.116856104599E-01  0.534179868810E-02 -0.101795341138E-02
 -0.335678345588E-02  0.175245299180E-02 -0.357520559903E-02  0.224308679008E-02 -0.101795341138E-02  0.604176513965E-03
