 -0.268248800747E-17 -0.943373851984E-02  0.565897671252E-02 -0.193283700673E-02 -0.179633772199E-01 -0.209337933743E-03
  0.943373851984E-02 -0.183293322932E-16  0.732264366092E-02  0.158452249330E-02  0.145405090036E-01 -0.208635710454E-02
 -0.565897671252E-02 -0.732264366092E-02  0.204975765235E-16  0.118829370321E-01 -0.803318531238E-02 -0.456856676654E-02
  0.193283700673E-02 -0.158452249330E-02 -0.118829370321E-01  0.290863497851E-16 -0.232392438250E-02  0.347261111522E-02
  0.179633772199E-01 -0.145405090036E-01  0.803318531238E-02  0.232392438250E-02 -0.191864052552E-17 -0.705394153030E-03
  0.209337933743E-03  0.208635710454E-02  0.456856676654E-02 -0.347261111522E-02  0.705394153030E-03  0.108509947903E-16
