 -0.433331475770E-16  0.173026692529E-01 -0.225101758093E-01 -0.187409180798E-01  0.118087619792E-01 -0.524789052819E-02
 -0.173026692529E-01 -0.523463089916E-17  0.227515290142E-01 -0.134635535370E-01  0.149160172496E-03  0.131550913313E-02
  0.225101758093E-01 -0.227515290142E-01 -0.252235238107E-17 -0.169585938574E-01  0.649967619033E-02 -0.282114004317E-02
  0.187409180798E-01  0.134635535370E-01  0.169585938574E-01  0.506469698709E-17 -0.419158063841E-02  0.187393979028E-02
 -0.118087619792E-01 -0.149160172496E-03 -0.649967619033E-02  0.419158063841E-02 -0.346531899117E-18 -0.352753392486E-04
  0.524789052819E-02 -0.131550913313E-02  0.282114004317E-02 -0.187393979028E-02  0.352753392486E-04  0.396213098746E-18
