 -0.189569419516E-16 -0.214794781851E-01  0.184378335246E-01 -0.774783075366E-02 -0.172236671729E-01  0.140340244463E-01
  0.214794781851E-01  0.936742312989E-17 -0.769501345163E-02 -0.501144093672E-02 -0.465528801882E-02  0.517760364654E-02
 -0.184378335246E-01  0.769501345163E-02  0.563406619453E-16  0.177910064145E-01 -0.379974610606E-02 -0.551886554889E-02
  0.774783075366E-02  0.501144093672E-02 -0.177910064145E-01 -0.114630034477E-18  0.278439104034E-02 -0.521777769064E-03
  0.172236671729E-01  0.465528801882E-02  0.379974610606E-02 -0.278439104034E-02 -0.112050858701E-16 -0.220002206522E-02
 -0.140340244463E-01 -0.517760364654E-02  0.551886554889E-02  0.521777769064E-03  0.220002206522E-02 -0.197812930979E-16
