 -0.106407299935E-16  0.126560089617E-01  0.231556715408E-01 -0.178173546023E-02 -0.962775482676E-03 -0.329216733869E-02
 -0.126560089617E-01  0.200685270345E-17 -0.135011160704E-01 -0.105616176368E-01  0.552765097300E-02  0.386266518633E-02
 -0.231556715408E-01  0.135011160704E-01  0.597645145752E-17  0.946496922746E-02 -0.306460562281E-02 -0.284803343780E-02
  0.178173546023E-02  0.105616176368E-01 -0.946496922746E-02 -0.921829044001E-17  0.586087858227E-02 -0.489224460301E-02
  0.962775482676E-03 -0.552765097300E-02  0.306460562281E-02 -0.586087858227E-02  0.388138544842E-17  0.359712704769E-02
  0.329216733869E-02 -0.386266518633E-02  0.284803343780E-02  0.489224460301E-02 -0.359712704769E-02 -0.481727348801E-17
