 -0.286205272684E-16 -0.753069184325E-02  0.118158237186E-01 -0.124909650226E-01  0.294368723894E-01 -0.113036380172E-01
  0.753069184325E-02  0.742344926023E-17  0.363645998058E-01 -0.143944235594E-01  0.136055865485E-01 -0.943921396613E-02
 -0.118158237186E-01 -0.363645998058E-01 -0.197958646940E-16 -0.621817358047E-02 -0.734770631491E-02 -0.424586372765E-03
  0.124909650226E-01  0.143944235594E-01  0.621817358047E-02 -0.578373155215E-17  0.253850530386E-02  0.147919523553E-02
 -0.294368723894E-01 -0.136055865485E-01  0.734770631491E-02 -0.253850530386E-02  0.554522715825E-17 -0.380375288438E-02
  0.113036380172E-01  0.943921396613E-02  0.424586372765E-03 -0.147919523553E-02  0.380375288438E-02 -0.180396897623E-16
