  0.922049422989E-17 -0.262890810229E-01  0.401681903166E-02  0.951360631052E-02  0.258764461739E-03 -0.506730256590E-02
  0.262890810229E-01  0.151279164840E-17  0.143123750560E-01  0.464936803714E-03 -0.890967711425E-02  0.610804521990E-03
 -0.401681903166E-02 -0.143123750560E-01 -0.161714037205E-17 -0.696027100873E-02  0.161334259745E-02 -0.119070461836E-02
 -0.951360631052E-02 -0.464936803714E-03  0.696027100873E-02 -0.282456633932E-17  0.124266048973E-02 -0.933872547967E-04
 -0.258764461739E-03  0.890967711425E-02 -0.161334259745E-02 -0.124266048973E-02 -0.152550418326E-18  0.138826673451E-03
  0.506730256590E-02 -0.610804521990E-03  0.119070461836E-02  0.933872547967E-04 -0.138826673451E-03  0.336021429256E-20
