 -0.185577105778E-16  0.985392898260E-02 -0.350365114716E-01  0.104827971487E-02 -0.275544648448E-02 -0.120314693971E-02
 -0.985392898260E-02 -0.465906208225E-16 -0.362827422369E-01  0.341999474254E-01  0.268518747813E-02 -0.126696315420E-01
  0.350365114716E-01  0.362827422369E-01  0.138327781235E-16  0.363109745064E-02 -0.391994224491E-02 -0.326785071582E-03
 -0.104827971487E-02 -0.341999474254E-01 -0.363109745064E-02  0.196597725711E-16  0.770842687902E-02 -0.232542516177E-02
  0.275544648448E-02 -0.268518747813E-02  0.391994224491E-02 -0.770842687902E-02  0.618168106618E-17  0.323751913116E-02
  0.120314693971E-02  0.126696315420E-01  0.326785071582E-03  0.232542516177E-02 -0.323751913116E-02  0.347957073333E-17
