  0.297919283761E-18 -0.935685509852E-02  0.108631060854E-01  0.122958501947E-01 -0.370798498213E-02  0.246072555405E-02
  0.935685509852E-02 -0.155739873856E-16  0.249959566937E-01 -0.133665016821E-01 -0.290047174016E-02 -0.390172929150E-02
 -0.108631060854E-01 -0.249959566937E-01 -0.151168353812E-16  0.336449447480E-02 -0.157163779168E-02  0.361034176081E-02
 -0.122958501947E-01  0.133665016821E-01 -0.336449447480E-02 -0.961560171034E-17  0.833026123969E-03  0.131920739995E-02
  0.370798498213E-02  0.290047174016E-02  0.157163779168E-02 -0.833026123969E-03  0.279427742010E-17 -0.282536808837E-02
 -0.246072555405E-02  0.390172929150E-02 -0.361034176081E-02 -0.131920739995E-02  0.282536808837E-02 -0.813435216803E-17
