  0.269202280700     -0.121802479973     -0.358957158545E-01  0.401174699008E-01  0.849717891566E-02 -0.166303313717E-01
 -0.121802479973      0.248716735261     -0.145032808450      0.109298959325E-01  0.240564349822E-01 -0.103127519029E-01
 -0.358957158545E-01 -0.145032808450      0.220192988381     -0.954531047363E-01 -0.124452265681E-01  0.211987522345E-01
  0.401174699008E-01  0.109298959325E-01 -0.954531047363E-01  0.116790368040     -0.770270288550E-01  0.317070062912E-01
  0.849717891566E-02  0.240564349822E-01 -0.124452265681E-01 -0.770270288550E-01  0.109060739223     -0.604127225897E-01
 -0.166303313717E-01 -0.103127519029E-01  0.211987522345E-01  0.317070062912E-01 -0.604127225897E-01  0.360368883942E-01
