  0.311939350049     -0.140117568954      0.110835105105E-01  0.210004045524E-01 -0.613951465250E-02 -0.126350960205E-02
 -0.140117568954      0.309288896267     -0.179296355365     -0.606439204045E-02  0.475181834213E-01 -0.208578178153E-01
  0.110835105105E-01 -0.179296355365      0.197373950342     -0.690927118050E-01  0.213904696563E-03  0.232321810668E-02
  0.210004045524E-01 -0.606439204045E-02 -0.690927118050E-01  0.939819295033E-01 -0.660591929521E-01  0.320577626956E-01
 -0.613951465250E-02  0.475181834213E-01  0.213904696563E-03 -0.660591929521E-01  0.678406136100E-01 -0.357096053333E-01
 -0.126350960205E-02 -0.208578178153E-01  0.232321810668E-02  0.320577626956E-01 -0.357096053333E-01  0.195752602289E-01
