  0.131464452417E-16 -0.964070634632E-02  0.511229517956E-02  0.411510045318E-02 -0.139436469129E-01  0.539556157697E-02
  0.964070634632E-02 -0.326343351556E-17  0.319140125670E-01 -0.174552040045E-01 -0.871632418838E-02  0.618037458271E-02
 -0.511229517956E-02 -0.319140125670E-01 -0.236042662802E-16 -0.876425383981E-02  0.445362610907E-02  0.100145016182E-02
 -0.411510045318E-02  0.174552040045E-01  0.876425383981E-02 -0.237340619313E-17 -0.600686783323E-02  0.254633215111E-02
  0.139436469129E-01  0.871632418838E-02 -0.445362610907E-02  0.600686783323E-02 -0.672156050790E-18 -0.162658219977E-02
 -0.539556157697E-02 -0.618037458271E-02 -0.100145016182E-02 -0.254633215111E-02  0.162658219977E-02  0.104242132360E-17
