  0.340066126425     -0.156034803230      0.317707931127E-01 -0.741041918741E-02  0.159783101348E-02 -0.305158615649E-02
 -0.156034803230      0.523134663563     -0.129634875804      0.362748351691E-03  0.883705501214E-02  0.366301495468E-02
  0.317707931127E-01 -0.129634875804      0.971255403596E-01 -0.303569490103E-01  0.315904381197E-02 -0.237757490787E-02
 -0.741041918741E-02  0.362748351691E-03 -0.303569490103E-01  0.338117965147E-01 -0.122415714684E-01  0.290743798809E-02
  0.159783101348E-02  0.883705501214E-02  0.315904381197E-02 -0.122415714684E-01  0.548496369277E-02 -0.122243735712E-02
 -0.305158615649E-02  0.366301495468E-02 -0.237757490787E-02  0.290743798809E-02 -0.122243735712E-02  0.376909444895E-03
