  0.605664231338     -0.389825095692      0.801300366605E-01 -0.764803850558E-02 -0.419481346074E-02  0.452826725671E-02
 -0.389825095692      0.317777349354     -0.925923261437E-01  0.943727223390E-02  0.203541185030E-02 -0.187419725071E-02
  0.801300366605E-01 -0.925923261437E-01  0.720258530201E-01 -0.153757276191E-01  0.843656695624E-03  0.138629378345E-03
 -0.764803850558E-02  0.943727223390E-02 -0.153757276191E-01  0.435119122243E-02 -0.391652222017E-03 -0.686467318176E-04
 -0.419481346074E-02  0.203541185030E-02  0.843656695624E-03 -0.391652222017E-03  0.933641895878E-04 -0.364275832538E-04
  0.452826725671E-02 -0.187419725071E-02  0.138629378345E-03 -0.686467318176E-04 -0.364275832538E-04  0.880108763815E-04
