 -0.511062073173E-17 -0.386231639345E-02 -0.727958754631E-02  0.721545925912E-02 -0.629403387052E-02  0.370005424631E-02
  0.386231639345E-02  0.776303184403E-16  0.278156941655E-01  0.650505141089E-02  0.839224075530E-02 -0.163178209334E-01
  0.727958754631E-02 -0.278156941655E-01  0.231449632483E-16 -0.831961890259E-02 -0.312824552489E-02 -0.378215862816E-02
 -0.721545925912E-02 -0.650505141089E-02  0.831961890259E-02 -0.250723135550E-16 -0.252371083258E-03  0.518105186765E-02
  0.629403387052E-02 -0.839224075530E-02  0.312824552489E-02  0.252371083258E-03 -0.226254166439E-17  0.382717535027E-02
 -0.370005424631E-02  0.163178209334E-01  0.378215862816E-02 -0.518105186765E-02 -0.382717535027E-02 -0.895065672323E-17
