  0.104800613031E-16  0.173204693787E-01 -0.710979510741E-02 -0.194322941783E-01  0.176685327301E-01  0.968199777261E-02
 -0.173204693787E-01  0.141134177197E-16  0.713277569329E-03  0.535731715986E-02 -0.126710174957E-02 -0.626185158551E-02
  0.710979510741E-02 -0.713277569329E-03  0.143608196610E-16  0.110637458473E-01 -0.166053442203E-02  0.412893191484E-03
  0.194322941783E-01 -0.535731715986E-02 -0.110637458473E-01 -0.897551228810E-18 -0.198434833804E-03 -0.954058649374E-03
 -0.176685327301E-01  0.126710174957E-02  0.166053442203E-02  0.198434833804E-03 -0.368226145153E-18 -0.111922283948E-02
 -0.968199777261E-02  0.626185158551E-02 -0.412893191484E-03  0.954058649374E-03  0.111922283948E-02  0.147721973075E-17
