 -0.292314966284E-16  0.858595461541E-02 -0.138146564344E-01  0.193672574461E-01 -0.610299492997E-03 -0.798970658186E-02
 -0.858595461541E-02 -0.325716744040E-16  0.361431273339E-02 -0.119413099824E-02 -0.116510049608E-01  0.726345687722E-02
  0.138146564344E-01 -0.361431273339E-02 -0.278282266753E-16  0.126351771054E-01 -0.807344405454E-02  0.166353014243E-02
 -0.193672574461E-01  0.119413099824E-02 -0.126351771054E-01 -0.631330304849E-17  0.587737232097E-02 -0.804581098141E-04
  0.610299492997E-03  0.116510049608E-01  0.807344405454E-02 -0.587737232097E-02 -0.632459697165E-18 -0.122991465250E-02
  0.798970658186E-02 -0.726345687722E-02 -0.166353014243E-02  0.804581098141E-04  0.122991465250E-02  0.707352525145E-17
