  0.540223708536      0.490984511166E-01 -0.949037546008E-01  0.105678176081E-01  0.151923789686E-01 -0.251817425245E-02
  0.490984511166E-01  0.357635660145     -0.113914931280      0.726542724959E-02 -0.204953709434E-02 -0.760487229549E-02
 -0.949037546008E-01 -0.113914931280      0.833894088007E-01 -0.196446105430E-01 -0.812004460930E-02  0.630075349823E-02
  0.105678176081E-01  0.726542724959E-02 -0.196446105430E-01  0.145387489595E-01  0.767361570846E-03 -0.145971570531E-02
  0.151923789686E-01 -0.204953709434E-02 -0.812004460930E-02  0.767361570846E-03  0.354715986811E-02 -0.106238439323E-02
 -0.251817425245E-02 -0.760487229549E-02  0.630075349823E-02 -0.145971570531E-02 -0.106238439323E-02  0.665313690574E-03
