  0.458193176404     -0.996198231364E-01 -0.704924763899E-01  0.118448000092E-01  0.103676912610E-01 -0.249401209302E-01
 -0.996198231364E-01  0.256617109075     -0.717117542379E-01 -0.661836161221E-01  0.506879123545E-01  0.610386974397E-02
 -0.704924763899E-01 -0.717117542379E-01  0.169301912949     -0.500927951145E-01 -0.382531806608E-01  0.300313297701E-01
  0.118448000092E-01 -0.661836161221E-01 -0.500927951145E-01  0.648018068282E-01 -0.123214238080E-01 -0.131713620174E-01
  0.103676912610E-01  0.506879123545E-01 -0.382531806608E-01 -0.123214238080E-01  0.357658450422E-01 -0.158768226290E-01
 -0.249401209302E-01  0.610386974397E-02  0.300313297701E-01 -0.131713620174E-01 -0.158768226290E-01  0.153201497013E-01
