  0.407598905910     -0.108862648424     -0.631617960287E-01  0.334100445363E-01  0.156486440621E-01 -0.100062572984E-01
 -0.108862648424      0.269995429417     -0.106417496314     -0.316793542150E-01  0.320669417365E-01 -0.174624515436E-01
 -0.631617960287E-01 -0.106417496314      0.165996628969     -0.341407647603E-01 -0.330455519429E-01  0.291617522576E-01
  0.334100445363E-01 -0.316793542150E-01 -0.341407647603E-01  0.652125269280E-01 -0.474588645541E-01  0.159879367205E-01
  0.156486440621E-01  0.320669417365E-01 -0.330455519429E-01 -0.474588645541E-01  0.715631104897E-01 -0.348941512380E-01
 -0.100062572984E-01 -0.174624515436E-01  0.291617522576E-01  0.159879367205E-01 -0.348941512380E-01  0.196333982871E-01
