  0.443756657548     -0.171968321534     -0.425374491148E-01 -0.811495493563E-02  0.348948940231E-01 -0.869005256970E-02
 -0.171968321534      0.304832009278     -0.823818218015E-01 -0.589006630363E-01  0.375964113238E-01 -0.473278837949E-02
 -0.425374491148E-01 -0.823818218015E-01  0.125256940941     -0.402342862301E-01 -0.210093773356E-01  0.242634566929E-01
 -0.811495493563E-02 -0.589006630363E-01 -0.402342862301E-01  0.913568845640E-01 -0.328911173291E-01 -0.117036085432E-01
  0.348948940231E-01  0.375964113238E-01 -0.210093773356E-01 -0.328911173291E-01  0.277886091958E-01 -0.466085650163E-02
 -0.869005256970E-02 -0.473278837949E-02  0.242634566929E-01 -0.117036085432E-01 -0.466085650163E-02  0.700889847399E-02
