  0.113325668947E-16  0.244950285412E-01  0.205519019974E-02 -0.764598100378E-02  0.145862490859E-01 -0.646390992890E-02
 -0.244950285412E-01  0.198080263259E-16  0.386240943006E-01 -0.139326944242E-01 -0.973074831517E-02  0.107825772534E-02
 -0.205519019974E-02 -0.386240943006E-01 -0.117821446098E-16 -0.256219881527E-01  0.454297732222E-02 -0.304455997768E-02
  0.764598100378E-02  0.139326944242E-01  0.256219881527E-01 -0.166840676860E-16 -0.679143980246E-02  0.183069020928E-02
 -0.145862490859E-01  0.973074831517E-02 -0.454297732222E-02  0.679143980246E-02 -0.148607150730E-17  0.475555778054E-03
  0.646390992890E-02 -0.107825772534E-02  0.304455997768E-02 -0.183069020928E-02 -0.475555778054E-03 -0.517562160685E-18
