  0.477878169979     -0.816503414578E-01 -0.709659004623E-01  0.481228433105E-01 -0.238288251322E-01  0.947197916079E-02
 -0.816503414578E-01  0.264734765432     -0.285276106695E-02 -0.555749099244E-01  0.149194553523E-01 -0.392443631495E-03
 -0.709659004623E-01 -0.285276106695E-02  0.147853188330     -0.553046200494E-01 -0.177333882982E-01  0.115934447076E-01
  0.481228433105E-01 -0.555749099244E-01 -0.553046200494E-01  0.757076317216E-01 -0.296934439168E-01  0.364702120861E-02
 -0.238288251322E-01  0.149194553523E-01 -0.177333882982E-01 -0.296934439168E-01  0.306889472956E-01 -0.877180044830E-02
  0.947197916079E-02 -0.392443631495E-03  0.115934447076E-01  0.364702120861E-02 -0.877180044830E-02  0.313729724210E-02
