 -0.133243368296E-16  0.177010078480E-01 -0.121576493497E-01  0.626269814258E-02  0.128459283740E-01 -0.126456953685E-01
 -0.177010078480E-01  0.138960080467E-17  0.694566173800E-02 -0.119171386924E-03 -0.126011658657E-01  0.501638643553E-02
  0.121576493497E-01 -0.694566173800E-02 -0.266193571864E-17  0.783032083869E-02 -0.585385367264E-02  0.533297946722E-02
 -0.626269814258E-02  0.119171386924E-03 -0.783032083869E-02  0.807961986849E-17  0.542385838139E-02 -0.321830440885E-02
 -0.128459283740E-01  0.126011658657E-01  0.585385367264E-02 -0.542385838139E-02 -0.316617904861E-17 -0.407063063968E-03
  0.126456953685E-01 -0.501638643553E-02 -0.533297946722E-02  0.321830440885E-02  0.407063063968E-03  0.444437725712E-17
