 -0.998731845590E-17  0.916258984003E-02 -0.305493361455E-01  0.508662860055E-01 -0.158081449199E-01 -0.315409361520E-02
 -0.916258984003E-02  0.168270523603E-16 -0.990665537236E-02  0.107986123710E-01 -0.223586055358E-01  0.179924147951E-01
  0.305493361455E-01  0.990665537236E-02 -0.121982515492E-17 -0.732711424130E-02  0.124696188476E-01 -0.849260454534E-02
 -0.508662860055E-01 -0.107986123710E-01  0.732711424130E-02 -0.274460659857E-17  0.321619832324E-02 -0.553022764204E-02
  0.158081449199E-01  0.223586055358E-01 -0.124696188476E-01 -0.321619832324E-02  0.675260353616E-17  0.480564907880E-02
  0.315409361520E-02 -0.179924147951E-01  0.849260454534E-02  0.553022764204E-02 -0.480564907880E-02  0.181476220034E-17
