 -0.475372470298E-17  0.109425431056E-01  0.271763993351E-01 -0.483626520682E-02 -0.310484711241E-01  0.284291992797E-01
 -0.109425431056E-01 -0.139533214579E-16 -0.287730274445E-01 -0.296251597936E-02  0.166714708135E-01 -0.635037538602E-02
 -0.271763993351E-01  0.287730274445E-01  0.141692181223E-16  0.171072828016E-01 -0.978594096582E-02 -0.372466503393E-02
  0.483626520682E-02  0.296251597936E-02 -0.171072828016E-01  0.102351011267E-16  0.904768430790E-02 -0.452460226934E-02
  0.310484711241E-01 -0.166714708135E-01  0.978594096582E-02 -0.904768430790E-02  0.319846910209E-17  0.370479595017E-02
 -0.284291992797E-01  0.635037538602E-02  0.372466503393E-02  0.452460226934E-02 -0.370479595017E-02  0.624451116104E-17
