  0.100752980875E-16  0.102421188766E-01 -0.148706907676E-01  0.432097045199E-01 -0.292266618108E-01  0.212192581678E-02
 -0.102421188766E-01  0.141379892779E-16 -0.143894145980E-01  0.414037179930E-01 -0.489254995945E-01  0.314806501701E-01
  0.148706907676E-01  0.143894145980E-01  0.528193870905E-17 -0.460401095131E-02 -0.120717745256E-01  0.149914890642E-01
 -0.432097045199E-01 -0.414037179930E-01  0.460401095131E-02 -0.126766529017E-16  0.173063755514E-01 -0.152753871973E-01
  0.292266618108E-01  0.489254995945E-01  0.120717745256E-01 -0.173063755514E-01  0.131696338479E-16  0.164140108129E-02
 -0.212192581678E-02 -0.314806501701E-01 -0.149914890642E-01  0.152753871973E-01 -0.164140108129E-02  0.112946143814E-16
