  0.509657584804     -0.773621199312E-01 -0.126406105784      0.279966763242E-01  0.278390769693E-01 -0.110506695356E-01
 -0.773621199312E-01  0.285024575396     -0.203813938781E-01 -0.107157021647      0.463079065401E-01  0.833691782534E-02
 -0.126406105784     -0.203813938781E-01  0.128502605640     -0.254149070530E-01 -0.199338368903E-01  0.627769753679E-02
  0.279966763242E-01 -0.107157021647     -0.254149070530E-01  0.566146060796E-01 -0.143181445829E-01 -0.799083750965E-02
  0.278390769693E-01  0.463079065401E-01 -0.199338368903E-01 -0.143181445829E-01  0.146851349984E-01 -0.201761071458E-02
 -0.110506695356E-01  0.833691782534E-02  0.627769753679E-02 -0.799083750965E-02 -0.201761071458E-02  0.551549308293E-02
