 -0.656791717521E-17  0.242797562756E-01 -0.477089707041E-01  0.415069922196E-03  0.340421277276E-02 -0.245263695681E-02
 -0.242797562756E-01 -0.240095289301E-16 -0.407341626294E-01  0.334620950655E-01  0.279372971277E-02 -0.157510789929E-01
  0.477089707041E-01  0.407341626294E-01  0.832878733764E-17  0.263453938893E-02 -0.336322294814E-02  0.252790965702E-03
 -0.415069922196E-03 -0.334620950655E-01 -0.263453938893E-02 -0.205649070065E-17  0.721818985197E-02 -0.114597457370E-02
 -0.340421277276E-02 -0.279372971277E-02  0.336322294814E-02 -0.721818985197E-02 -0.532116968794E-17  0.266111891151E-02
  0.245263695681E-02  0.157510789929E-01 -0.252790965702E-03  0.114597457370E-02 -0.266111891151E-02 -0.960766749211E-18
