  0.468339666662     -0.132753242993     -0.969625931029E-01  0.549902191652E-01  0.203673528267E-01 -0.204736099714E-01
 -0.132753242993      0.292119741278     -0.553755729826E-01 -0.903124769487E-01  0.352376235870E-01  0.856000754799E-02
 -0.969625931029E-01 -0.553755729826E-01  0.138422574085     -0.479143477721E-01 -0.319873387106E-01  0.297381794474E-01
  0.549902191652E-01 -0.903124769487E-01 -0.479143477721E-01  0.782354241895E-01 -0.485522818094E-02 -0.218133332345E-01
  0.203673528267E-01  0.352376235870E-01 -0.319873387106E-01 -0.485522818094E-02  0.137238192427E-01 -0.467610507674E-02
 -0.204736099714E-01  0.856000754799E-02  0.297381794474E-01 -0.218133332345E-01 -0.467610507674E-02  0.915877454287E-02
