  0.382785291301     -0.153823825961     -0.512232220112E-01  0.315988006911E-01  0.107128763831E-01 -0.117840990734E-01
 -0.153823825961      0.280060429881     -0.127244881228     -0.128264323694E-01  0.364523997970E-01 -0.148322931241E-01
 -0.512232220112E-01 -0.127244881228      0.189105540521     -0.710572377231E-01 -0.232650287937E-01  0.270824893801E-01
  0.315988006911E-01 -0.128264323694E-01 -0.710572377231E-01  0.862257900386E-01 -0.368505039666E-01  0.506734328207E-02
  0.107128763831E-01  0.364523997970E-01 -0.232650287937E-01 -0.368505039666E-01  0.474951939398E-01 -0.228925629111E-01
 -0.117840990734E-01 -0.148322931241E-01  0.270824893801E-01  0.506734328207E-02 -0.228925629111E-01  0.143277543178E-01
