  0.479006049418     -0.154188377492     -0.854691410446E-01  0.302287341768E-01  0.337790291634E-01 -0.226985167477E-01
 -0.154188377492      0.288084362033     -0.568082181203E-01 -0.650294484891E-01  0.323213668160E-01  0.374919607244E-03
 -0.854691410446E-01 -0.568082181203E-01  0.139350154562     -0.466774700567E-01 -0.371537663512E-01  0.328434779009E-01
  0.302287341768E-01 -0.650294484891E-01 -0.466774700567E-01  0.640095795443E-01 -0.532199717235E-02 -0.158439981242E-01
  0.337790291634E-01  0.323213668160E-01 -0.371537663512E-01 -0.532199717235E-02  0.198993793768E-01 -0.903582121797E-02
 -0.226985167477E-01  0.374919607244E-03  0.328434779009E-01 -0.158439981242E-01 -0.903582121797E-02  0.965047506517E-02
