  0.417550679138     -0.103470514388     -0.922937029973E-01  0.216855214675E-01  0.292280161542E-01 -0.225373179526E-01
 -0.103470514388      0.284075941282     -0.798388889297E-01 -0.517077607993E-01  0.401922045265E-01  0.151515550748E-02
 -0.922937029973E-01 -0.798388889297E-01  0.165149617467     -0.571236259932E-01 -0.498526895878E-01  0.353674324594E-01
  0.216855214675E-01 -0.517077607993E-01 -0.571236259932E-01  0.719976787936E-01 -0.893644207090E-02 -0.111530837406E-01
  0.292280161542E-01  0.401922045265E-01 -0.498526895878E-01 -0.893644207090E-02  0.444512577910E-01 -0.232678471183E-01
 -0.225373179526E-01  0.151515550748E-02  0.353674324594E-01 -0.111530837406E-01 -0.232678471183E-01  0.167748255282E-01
