  0.639568755796     -0.407108282555E-01 -0.101332898383      0.125782195755E-01  0.183985229023E-01 -0.144927167252E-01
 -0.407108282555E-01  0.263112753772     -0.330202886589E-01 -0.238779447566E-01  0.787967802063E-02 -0.664508178139E-03
 -0.101332898383     -0.330202886589E-01  0.774291263303E-01 -0.722879860047E-02 -0.116174618263E-01  0.550936992213E-02
  0.125782195755E-01 -0.238779447566E-01 -0.722879860047E-02  0.108002570865E-01 -0.275995641105E-02 -0.277908090231E-02
  0.183985229023E-01  0.787967802063E-02 -0.116174618263E-01 -0.275995641105E-02  0.725010188000E-02 -0.130877425575E-02
 -0.144927167252E-01 -0.664508178139E-03  0.550936992213E-02 -0.277908090231E-02 -0.130877425575E-02  0.183900513567E-02
