  0.596043362773     -0.858220325665E-01 -0.127419781518      0.596010804817E-01 -0.451475004130E-02  0.317159490319E-02
 -0.858220325665E-01  0.235613921026     -0.265251561898E-01 -0.184779089377E-01  0.117791492785E-01 -0.189938968914E-02
 -0.127419781518     -0.265251561898E-01  0.102776220616     -0.409818243592E-01 -0.309444980071E-02  0.245520014472E-03
  0.596010804817E-01 -0.184779089377E-01 -0.409818243592E-01  0.476357279717E-01 -0.168327844393E-01  0.252974697583E-02
 -0.451475004130E-02  0.117791492785E-01 -0.309444980071E-02 -0.168327844393E-01  0.152459442962E-01 -0.479650629087E-02
  0.317159490319E-02 -0.189938968914E-02  0.245520014472E-03  0.252974697583E-02 -0.479650629087E-02  0.268482331743E-02
