  0.736998959720     -0.371214068366E-01 -0.933836462358E-01  0.160437211334E-01  0.140268949350E-01 -0.232151614816E-02
 -0.371214068366E-01  0.224316816947     -0.113937685292E-01 -0.221115452168E-01  0.486513138806E-02 -0.247183015174E-02
 -0.933836462358E-01 -0.113937685292E-01  0.219153153674E-01 -0.345521248953E-02 -0.716772816336E-02  0.197699325195E-02
  0.160437211334E-01 -0.221115452168E-01 -0.345521248953E-02  0.124798320295E-01 -0.654016375682E-03 -0.502855015911E-03
  0.140268949350E-01  0.486513138806E-02 -0.716772816336E-02 -0.654016375682E-03  0.393897348235E-02 -0.912699256558E-03
 -0.232151614816E-02 -0.247183015174E-02  0.197699325195E-02 -0.502855015911E-03 -0.912699256558E-03  0.350102453717E-03
