  0.300146447167E-16  0.199810758302E-01 -0.275785931478E-01  0.429580476681E-01 -0.101035253385E-01 -0.860636055234E-02
 -0.199810758302E-01  0.229934921639E-16 -0.926028366797E-02  0.225293847987E-01 -0.322618780771E-01  0.187356276065E-01
  0.275785931478E-01  0.926028366797E-02  0.517249247499E-16 -0.121609991984E-01  0.518710404378E-02  0.220347967281E-02
 -0.429580476681E-01 -0.225293847987E-01  0.121609991984E-01  0.245375197684E-16  0.984225522308E-02 -0.104350335318E-01
  0.101035253385E-01  0.322618780771E-01 -0.518710404378E-02 -0.984225522308E-02 -0.133537522549E-17  0.438768400439E-02
  0.860636055234E-02 -0.187356276065E-01 -0.220347967281E-02  0.104350335318E-01 -0.438768400439E-02 -0.159264523887E-17
