  0.568933134478     -0.173239441973     -0.286149982719E-01 -0.891300024088E-03  0.246421934685E-02 -0.666252460970E-02
 -0.173239441973      0.252455342278     -0.467328229718E-01 -0.389557778720E-01  0.253679302559E-01  0.231315709550E-02
 -0.286149982719E-01 -0.467328229718E-01  0.910949996865E-01 -0.405729832000E-01 -0.390221786249E-02  0.120810715825E-01
 -0.891300024088E-03 -0.389557778720E-01 -0.405729832000E-01  0.619079142235E-01 -0.185822940528E-01 -0.870991878011E-02
  0.246421934685E-02  0.253679302559E-01 -0.390221786249E-02 -0.185822940528E-01  0.182841854582E-01 -0.528983796548E-02
 -0.666252460970E-02  0.231315709550E-02  0.120810715825E-01 -0.870991878011E-02 -0.528983796548E-02  0.732442387543E-02
