 -0.145049801460E-16 -0.161934855967E-01  0.196885371199E-01 -0.316501334618E-02 -0.137566910235E-01  0.116651443271E-01
  0.161934855967E-01  0.255999592255E-17  0.406921742997E-01 -0.162882468897E-01 -0.158892638760E-01  0.110261831571E-01
 -0.196885371199E-01 -0.406921742997E-01 -0.352644012723E-16 -0.164901891211E-01  0.903447727344E-02  0.262490223857E-02
  0.316501334618E-02  0.162882468897E-01  0.164901891211E-01 -0.677342650853E-17 -0.491296218530E-02  0.828402857449E-03
  0.137566910235E-01  0.158892638760E-01 -0.903447727344E-02  0.491296218530E-02 -0.612136776802E-17 -0.196210113040E-02
 -0.116651443271E-01 -0.110261831571E-01 -0.262490223857E-02 -0.828402857449E-03  0.196210113040E-02 -0.308417962307E-17
