 -0.129817333824E-16  0.183895036932E-01  0.136842456717E-02 -0.120730593512E-01  0.134316690583E-01  0.921117371865E-02
 -0.183895036932E-01  0.898843494476E-17 -0.110684764720E-01 -0.142306998405E-02 -0.154731555535E-03 -0.143098192138E-02
 -0.136842456717E-02  0.110684764720E-01  0.520393642547E-17  0.162636716321E-01 -0.313769070372E-02 -0.274178166272E-03
  0.120730593512E-01  0.142306998405E-02 -0.162636716321E-01 -0.186153157936E-16  0.917681252440E-03 -0.224739566822E-02
 -0.134316690583E-01  0.154731555535E-03  0.313769070372E-02 -0.917681252440E-03  0.212012224741E-17 -0.940971996725E-03
 -0.921117371865E-02  0.143098192138E-02  0.274178166272E-03  0.224739566822E-02  0.940971996725E-03 -0.983768845864E-18
