  0.400772374050     -0.160055691801     -0.329499995985E-01  0.304749952506E-01  0.233967343243E-02 -0.545846829768E-03
 -0.160055691801      0.305382039352     -0.142602061042     -0.145012975724E-01  0.462898224147E-01 -0.221149547946E-01
 -0.329499995985E-01 -0.142602061042      0.171890100990     -0.435772661183E-01 -0.211500287148E-01  0.127287685927E-01
  0.304749952506E-01 -0.145012975724E-01 -0.435772661183E-01  0.560852877137E-01 -0.397969744649E-01  0.175243718043E-01
  0.233967343243E-02  0.462898224147E-01 -0.211500287148E-01 -0.397969744649E-01  0.531503054979E-01 -0.255844454100E-01
 -0.545846829768E-03 -0.221149547946E-01  0.127287685927E-01  0.175243718043E-01 -0.255844454100E-01  0.127198923958E-01
