  0.473097074042     -0.949787560744E-01 -0.938925356705E-01  0.433444868671E-01  0.796474752496E-02 -0.163390146045E-01
 -0.949787560744E-01  0.294570170326     -0.751264679345E-01 -0.478922038435E-01  0.148741028065E-01  0.792533516682E-02
 -0.938925356705E-01 -0.751264679345E-01  0.103737194845     -0.152420204371E-01 -0.326530788553E-01  0.272829416124E-01
  0.433444868671E-01 -0.478922038435E-01 -0.152420204371E-01  0.729646164420E-01 -0.243288439205E-01 -0.139223932448E-01
  0.796474752496E-02  0.148741028065E-01 -0.326530788553E-01 -0.243288439205E-01  0.382093702307E-01 -0.158319546058E-01
 -0.163390146045E-01  0.792533516682E-02  0.272829416124E-01 -0.139223932448E-01 -0.158319546058E-01  0.174215741155E-01
