 -0.281861671377E-17  0.180935784220E-01 -0.266421704332E-01  0.427467839611E-01 -0.100003914267E-01 -0.111975608445E-01
 -0.180935784220E-01 -0.260646276757E-16 -0.239308655404E-01  0.477064368465E-01 -0.424935163547E-01  0.176836176822E-01
  0.266421704332E-01  0.239308655404E-01  0.176390852410E-16 -0.156454315070E-01  0.207280076261E-02  0.648835927912E-02
 -0.427467839611E-01 -0.477064368465E-01  0.156454315070E-01 -0.533415636154E-17  0.191710207994E-01 -0.155869411006E-01
  0.100003914267E-01  0.424935163547E-01 -0.207280076261E-02 -0.191710207994E-01 -0.150326224734E-16  0.542298520717E-02
  0.111975608445E-01 -0.176836176822E-01 -0.648835927912E-02  0.155869411006E-01 -0.542298520717E-02 -0.254632091229E-17
