  0.463708923891     -0.120447333001     -0.108684000706      0.531394781156E-01  0.212887902181E-01 -0.203496693778E-01
 -0.120447333001      0.298211767699     -0.712160699874E-01 -0.733551334730E-01  0.358377722461E-01  0.151644812822E-01
 -0.108684000706     -0.712160699874E-01  0.143231791366     -0.350567912035E-01 -0.456381938135E-01  0.277933661615E-01
  0.531394781156E-01 -0.733551334730E-01 -0.350567912035E-01  0.602253716813E-01 -0.425711551579E-02 -0.199512536313E-01
  0.212887902181E-01  0.358377722461E-01 -0.456381938135E-01 -0.425711551579E-02  0.239542555257E-01 -0.766463960692E-02
 -0.203496693778E-01  0.151644812822E-01  0.277933661615E-01 -0.199512536313E-01 -0.766463960692E-02  0.106678898373E-01
