 -0.126579204036E-16 -0.229634979409E-02  0.163735910998E-01 -0.279764962390E-01  0.233752741022E-01 -0.480493791917E-02
  0.229634979409E-02  0.898275564366E-17 -0.860526651636E-02 -0.499798532783E-02  0.712023974689E-02 -0.392868107613E-02
 -0.163735910998E-01  0.860526651636E-02 -0.337426891762E-16  0.180217124449E-01  0.349623610562E-02 -0.586998446582E-02
  0.279764962390E-01  0.499798532783E-02 -0.180217124449E-01 -0.289424739796E-17  0.686910433374E-02 -0.871731689262E-02
 -0.233752741022E-01 -0.712023974689E-02 -0.349623610562E-02 -0.686910433374E-02 -0.101651615928E-16  0.386366795579E-02
  0.480493791917E-02  0.392868107613E-02  0.586998446582E-02  0.871731689262E-02 -0.386366795579E-02 -0.585798320524E-17
