  0.456459559475     -0.121238611821     -0.440069234925E-01  0.104319924581E-01  0.262501896036E-02 -0.822037031008E-02
 -0.121238611821      0.274347648429     -0.572437796267E-01 -0.751723598414E-01  0.440873678729E-01  0.719482733491E-02
 -0.440069234925E-01 -0.572437796267E-01  0.126236273197     -0.516235127515E-01 -0.181920303644E-01  0.199832849456E-01
  0.104319924581E-01 -0.751723598414E-01 -0.516235127515E-01  0.945115325819E-01 -0.240663249448E-01 -0.145089913185E-01
  0.262501896036E-02  0.440873678729E-01 -0.181920303644E-01 -0.240663249448E-01  0.326203625594E-01 -0.134635189814E-01
 -0.822037031008E-02  0.719482733491E-02  0.199832849456E-01 -0.145089913185E-01 -0.134635189814E-01  0.158246237574E-01
