 -0.159578174763E-16  0.790248214585E-02  0.903786073328E-02 -0.256085414291E-02  0.699690890013E-02 -0.218105394962E-02
 -0.790248214585E-02 -0.627724573712E-18  0.152467585372E-01 -0.189860854615E-01  0.424977493801E-02  0.642504098138E-03
 -0.903786073328E-02 -0.152467585372E-01 -0.708900201316E-17  0.596753133685E-02 -0.130592040542E-02 -0.246712453816E-02
  0.256085414291E-02  0.189860854615E-01 -0.596753133685E-02 -0.958981637912E-17 -0.822075412222E-03  0.202693984278E-02
 -0.699690890013E-02 -0.424977493801E-02  0.130592040542E-02  0.822075412222E-03 -0.998308960602E-17 -0.540628842873E-03
  0.218105394962E-02 -0.642504098138E-03  0.246712453816E-02 -0.202693984278E-02  0.540628842873E-03  0.130150631094E-17
