  0.137175656005E-16 -0.180400010770E-01  0.883989303807E-02 -0.951938896438E-02  0.879876669861E-03  0.800398412669E-02
  0.180400010770E-01  0.157157367918E-16  0.327960083227E-01 -0.214324054920E-01 -0.949481765549E-02  0.705108845273E-02
 -0.883989303807E-02 -0.327960083227E-01 -0.246521361441E-17 -0.605912869481E-02  0.872040346127E-02 -0.159377355821E-02
  0.951938896438E-02  0.214324054920E-01  0.605912869481E-02 -0.975813722369E-17 -0.250250147590E-02  0.398881410445E-03
 -0.879876669861E-03  0.949481765549E-02 -0.872040346127E-02  0.250250147590E-02 -0.354695448427E-17 -0.698890212633E-03
 -0.800398412669E-02 -0.705108845273E-02  0.159377355821E-02 -0.398881410445E-03  0.698890212633E-03 -0.205810629613E-18
