 -0.311271944647E-17  0.151160455140E-01 -0.108256633733E-01 -0.310327527297E-02  0.186541238421E-02 -0.479161055670E-02
 -0.151160455140E-01  0.829053605596E-19  0.130774892064E-01 -0.827210390561E-02 -0.103773717347E-03  0.120597087709E-02
  0.108256633733E-01 -0.130774892064E-01 -0.458146327729E-17 -0.481055986822E-02  0.683636071731E-02  0.933408912708E-03
  0.310327527297E-02  0.827210390561E-02  0.481055986822E-02  0.610484927757E-17 -0.349490760222E-02  0.418177904047E-03
 -0.186541238421E-02  0.103773717347E-03 -0.683636071731E-02  0.349490760222E-02 -0.828676763048E-17 -0.801252270759E-03
  0.479161055670E-02 -0.120597087709E-02 -0.933408912708E-03 -0.418177904047E-03  0.801252270759E-03 -0.174560534031E-17
