  0.253399472000     -0.100335483355     -0.607565182261E-01  0.704718915033E-01 -0.355128833095E-01  0.116580827509E-01
 -0.100335483355      0.218707970129     -0.182363199643      0.845128837946E-01 -0.327395719866E-01  0.112849283562E-01
 -0.607565182261E-01 -0.182363199643      0.327417947057     -0.195240813045      0.665159967318E-01 -0.157266578111E-01
  0.704718915033E-01  0.845128837946E-01 -0.195240813045      0.143589815057     -0.670698991334E-01  0.213300914394E-01
 -0.355128833095E-01 -0.327395719866E-01  0.665159967318E-01 -0.670698991334E-01  0.474282833281E-01 -0.197703142581E-01
  0.116580827509E-01  0.112849283562E-01 -0.157266578111E-01  0.213300914394E-01 -0.197703142581E-01  0.945651242906E-02
