  0.410712762884     -0.162376360386     -0.516700934147E-01  0.317934553494E-01  0.146928782629E-01 -0.172011331558E-01
 -0.162376360386      0.272253799196     -0.980482887658E-01 -0.308306655958E-01  0.293929229534E-01 -0.123393952212E-01
 -0.516700934147E-01 -0.980482887658E-01  0.174592345873     -0.736588727565E-01 -0.932783746322E-02  0.239252646601E-01
  0.317934553494E-01 -0.308306655958E-01 -0.736588727565E-01  0.914707260918E-01 -0.385389105240E-01  0.380084437779E-02
  0.146928782629E-01  0.293929229534E-01 -0.932783746322E-02 -0.385389105240E-01  0.398878560465E-01 -0.176374712864E-01
 -0.172011331558E-01 -0.123393952212E-01  0.239252646601E-01  0.380084437779E-02 -0.176374712864E-01  0.110825099080E-01
