  0.469801066475      0.608011174001E-02 -0.263404013548E-01  0.304528446964E-01 -0.877162255158E-02  0.712098435717E-03
  0.608011174001E-02  0.435816373424     -0.126171592870      0.131038539411E-01 -0.116119019944E-01  0.173906578973E-02
 -0.263404013548E-01 -0.126171592870      0.733383062858E-01 -0.206069051421E-01 -0.161155586609E-02  0.182479668711E-02
  0.304528446964E-01  0.131038539411E-01 -0.206069051421E-01  0.177764585469E-01 -0.161921247861E-02 -0.155365406990E-02
 -0.877162255158E-02 -0.116119019944E-01 -0.161155586609E-02 -0.161921247861E-02  0.281258800824E-02 -0.483987153921E-03
  0.712098435717E-03  0.173906578973E-02  0.182479668711E-02 -0.155365406990E-02 -0.483987153921E-03  0.455207259866E-03
