  0.371423081652     -0.948622898346E-01 -0.854001538984E-01  0.567056112279E-01 -0.263343735233E-01 -0.132433814045E-02
 -0.948622898346E-01  0.205440476010     -0.153585479989      0.520762956213E-01 -0.130848573911E-01  0.341090536997E-02
 -0.854001538984E-01 -0.153585479989      0.289071397350     -0.140105239025      0.418876586307E-01 -0.362958774970E-02
  0.567056112279E-01  0.520762956213E-01 -0.140105239025      0.959745928492E-01 -0.384353561932E-01  0.366161137952E-02
 -0.263343735233E-01 -0.130848573911E-01  0.418876586307E-01 -0.384353561932E-01  0.316181148269E-01 -0.105992936076E-01
 -0.132433814045E-02  0.341090536997E-02 -0.362958774970E-02  0.366161137952E-02 -0.105992936076E-01  0.647233731151E-02
