 -0.161515768220E-17  0.784233585867E-02  0.126381033216E-02  0.573026119236E-02  0.350736853569E-03 -0.152085634632E-02
 -0.784233585867E-02 -0.625066023011E-17 -0.737308969175E-02  0.168269525534E-01 -0.144410754060E-01  0.712952121573E-02
 -0.126381033216E-02  0.737308969175E-02 -0.516850458304E-17  0.214932003418E-01 -0.250829486202E-02  0.269958818148E-03
 -0.573026119236E-02 -0.168269525534E-01 -0.214932003418E-01  0.526541404397E-17  0.714671310314E-02 -0.750869502889E-02
 -0.350736853569E-03  0.144410754060E-01  0.250829486202E-02 -0.714671310314E-02  0.135673245305E-16 -0.103831723550E-02
  0.152085634632E-02 -0.712952121573E-02 -0.269958818148E-03  0.750869502889E-02  0.103831723550E-02  0.336659429383E-16
