  0.738191968070E-17 -0.386408101018E-01  0.135230192658E-01  0.103660388939E-01  0.858081153761E-04 -0.253484650024E-02
  0.386408101018E-01  0.180112379010E-16  0.159938332900E-01 -0.693819886850E-02 -0.244856930081E-02  0.917728024734E-03
 -0.135230192658E-01 -0.159938332900E-01  0.528429147559E-17 -0.780181311284E-02  0.196091521204E-02 -0.882247292944E-04
 -0.103660388939E-01  0.693819886850E-02  0.780181311284E-02  0.223121349124E-17 -0.101234252410E-02  0.395862895038E-04
 -0.858081153761E-04  0.244856930081E-02 -0.196091521204E-02  0.101234252410E-02  0.313004701560E-18 -0.103649666751E-04
  0.253484650024E-02 -0.917728024734E-03  0.882247292944E-04 -0.395862895038E-04  0.103649666751E-04  0.191463493907E-19
