  0.621950331025      0.550831877674E-02 -0.644546266595E-01  0.122192272880E-01  0.162865320502E-01  0.310670736722E-02
  0.550831877674E-02  0.313884032168     -0.824603174377E-01  0.906455369031E-03 -0.439709609875E-02 -0.759434034113E-02
 -0.644546266595E-01 -0.824603174377E-01  0.491084796210E-01 -0.116035390224E-01 -0.562370809945E-02  0.384735381716E-02
  0.122192272880E-01  0.906455369031E-03 -0.116035390224E-01  0.113472175240E-01  0.608666549026E-03 -0.742274396932E-03
  0.162865320502E-01 -0.439709609875E-02 -0.562370809945E-02  0.608666549026E-03  0.321177150742E-02 -0.562116122145E-03
  0.310670736722E-02 -0.759434034113E-02  0.384735381716E-02 -0.742274396932E-03 -0.562116122145E-03  0.498168154709E-03
