  0.800417551014E-16 -0.869461090853E-02 -0.164339864911E-01  0.110154065951E-01 -0.458821045750E-02 -0.241152228906E-02
  0.869461090853E-02  0.120598790490E-16  0.208897315274E-01 -0.136426201580E-01  0.675297525478E-02  0.258336174817E-02
  0.164339864911E-01 -0.208897315274E-01  0.224644625800E-15  0.274759388957E-02 -0.698516267751E-03 -0.154235071939E-02
 -0.110154065951E-01  0.136426201580E-01 -0.274759388957E-02  0.445681203133E-16 -0.506145538349E-03  0.535616986562E-03
  0.458821045750E-02 -0.675297525478E-02  0.698516267751E-03  0.506145538349E-03  0.703982586389E-17 -0.152295306653E-03
  0.241152228906E-02 -0.258336174817E-02  0.154235071939E-02 -0.535616986562E-03  0.152295306653E-03  0.429000864562E-18
