  0.111690684325E-16  0.606708101323E-02 -0.223640724766E-02  0.532786658105E-02  0.192219730853E-01 -0.131578808323E-01
 -0.606708101323E-02 -0.488436693737E-17  0.163804876438E-01  0.546241590255E-02 -0.129609127518E-01 -0.112608958951E-02
  0.223640724766E-02 -0.163804876438E-01 -0.196494945141E-16  0.231982203251E-03 -0.564181493989E-02  0.752020509506E-02
 -0.532786658105E-02 -0.546241590255E-02 -0.231982203251E-03  0.405536887919E-17  0.177062802707E-02 -0.127212053618E-02
 -0.192219730853E-01  0.129609127518E-01  0.564181493989E-02 -0.177062802707E-02  0.311994539463E-17 -0.956061883662E-03
  0.131578808323E-01  0.112608958951E-02 -0.752020509506E-02  0.127212053618E-02  0.956061883662E-03  0.245758714882E-18
