  0.261730476157     -0.137332692004     -0.268018128920E-01  0.567355957230E-01 -0.278274314688E-01  0.101396280400E-01
 -0.137332692004      0.226282812904     -0.168588616490      0.815845859126E-01 -0.314355899733E-01  0.937331155134E-02
 -0.268018128920E-01 -0.168588616490      0.270908860514     -0.168499585882      0.593127621694E-01 -0.165792630941E-01
  0.567355957230E-01  0.815845859126E-01 -0.168499585882      0.149546993377     -0.875862651293E-01  0.354677058507E-01
 -0.278274314688E-01 -0.314355899733E-01  0.593127621694E-01 -0.875862651293E-01  0.747187004477E-01 -0.347150255009E-01
  0.101396280400E-01  0.937331155134E-02 -0.165792630941E-01  0.354677058507E-01 -0.347150255009E-01  0.168121566007E-01
