 -0.917410612596E-17  0.145931825128E-01  0.389739924637E-01  0.433778872505E-02 -0.393945999934E-01  0.284931144491E-01
 -0.145931825128E-01 -0.292009138828E-16 -0.313151552238E-01 -0.392195852420E-02  0.233310096992E-01 -0.127829314776E-01
 -0.389739924637E-01  0.313151552238E-01 -0.351341673012E-16  0.112618284041E-01 -0.752896742333E-02 -0.124283887989E-02
 -0.433778872505E-02  0.392195852420E-02 -0.112618284041E-01  0.155560929962E-16  0.103816246188E-01 -0.756748975555E-02
  0.393945999934E-01 -0.233310096992E-01  0.752896742333E-02 -0.103816246188E-01  0.279211925573E-17  0.476170116238E-02
 -0.284931144491E-01  0.127829314776E-01  0.124283887989E-02  0.756748975555E-02 -0.476170116238E-02 -0.193516301095E-17
