 -0.607915502078E-16  0.183968456203E-01  0.748385032085E-02  0.127016067997E-01 -0.585323997720E-02 -0.221180556895E-02
 -0.183968456203E-01 -0.435352378749E-16  0.307060673168E-01 -0.175707172952E-01 -0.875730517268E-02  0.124203036536E-01
 -0.748385032085E-02 -0.307060673168E-01 -0.215805217534E-17 -0.693322531104E-02  0.316231278383E-02 -0.195250560325E-02
 -0.127016067997E-01  0.175707172952E-01  0.693322531104E-02  0.565845240104E-17 -0.422989927149E-02  0.441845418346E-02
  0.585323997720E-02  0.875730517268E-02 -0.316231278383E-02  0.422989927149E-02  0.199174356733E-17 -0.117870306184E-02
  0.221180556895E-02 -0.124203036536E-01  0.195250560325E-02 -0.441845418346E-02  0.117870306184E-02 -0.268172630413E-17
