  0.457925164166     -0.974500447355E-01 -0.912522601481E-01  0.416409264429E-01  0.119816433685E-01 -0.229246966013E-01
 -0.974500447355E-01  0.262736600147     -0.505774035619E-01 -0.873622639930E-01  0.247058569147E-01  0.111261021386E-01
 -0.912522601481E-01 -0.505774035619E-01  0.173195631067     -0.405560064211E-01 -0.547167336470E-01  0.385728159959E-01
  0.416409264429E-01 -0.873622639930E-01 -0.405560064211E-01  0.645358086955E-01  0.267635930602E-02 -0.156473624793E-01
  0.119816433685E-01  0.247058569147E-01 -0.547167336470E-01  0.267635930602E-02  0.258421386593E-01 -0.161658898914E-01
 -0.229246966013E-01  0.111261021386E-01  0.385728159959E-01 -0.156473624793E-01 -0.161658898914E-01  0.157646572652E-01
