 -0.264563935561E-16  0.169394951226E-01  0.748882443674E-02 -0.324621066983E-01  0.193450216606E-01 -0.429011103473E-02
 -0.169394951226E-01 -0.153350707734E-16  0.232641706786E-01 -0.193180344629E-01  0.795487649753E-02  0.824722053716E-03
 -0.748882443674E-02 -0.232641706786E-01 -0.355355875896E-16  0.239785134532E-04 -0.586932211170E-03  0.247521390530E-02
  0.324621066983E-01  0.193180344629E-01 -0.239785134532E-04 -0.214657026109E-16 -0.849212720799E-02  0.457432263591E-02
 -0.193450216606E-01 -0.795487649753E-02  0.586932211170E-03  0.849212720799E-02 -0.201750432767E-16 -0.281507199078E-02
  0.429011103473E-02 -0.824722053716E-03 -0.247521390530E-02 -0.457432263591E-02  0.281507199078E-02 -0.659393183693E-19
