 -0.251781477197E-18  0.110411749129E-01 -0.862965279862E-02 -0.562910731893E-02  0.125149752510E-01  0.136355783073E-02
 -0.110411749129E-01 -0.577234904434E-17  0.136611469266E-01  0.108074560384E-01 -0.449391376211E-02 -0.367732754765E-02
  0.862965279862E-02 -0.136611469266E-01  0.233984320726E-17  0.236832224624E-02 -0.620825570244E-02  0.476446538237E-02
  0.562910731893E-02 -0.108074560384E-01 -0.236832224624E-02 -0.154076467799E-16 -0.108781263780E-02 -0.195100421048E-02
 -0.125149752510E-01  0.449391376211E-02  0.620825570244E-02  0.108781263780E-02  0.520946223504E-17  0.750171079150E-03
 -0.136355783073E-02  0.367732754765E-02 -0.476446538237E-02  0.195100421048E-02 -0.750171079150E-03  0.288099015185E-17
