  0.501326157824     -0.130983483465     -0.792362838494E-01  0.236234133241E-01  0.208565834176E-01 -0.828197911014E-02
 -0.130983483465      0.259417479111     -0.656114156037E-01 -0.650085732747E-01  0.420729822337E-01 -0.350716617842E-02
 -0.792362838494E-01 -0.656114156037E-01  0.148848599916     -0.446430384761E-01 -0.386481467912E-01  0.269708012755E-01
  0.236234133241E-01 -0.650085732747E-01 -0.446430384761E-01  0.578696379875E-01 -0.502802914196E-02 -0.118261474217E-01
  0.208565834176E-01  0.420729822337E-01 -0.386481467912E-01 -0.502802914196E-02  0.243337880406E-01 -0.100854540401E-01
 -0.828197911014E-02 -0.350716617842E-02  0.269708012755E-01 -0.118261474217E-01 -0.100854540401E-01  0.820433712071E-02
