  0.510831160797     -0.365117704035E-01 -0.141743797833      0.354955052011E-01  0.103154777578E-01 -0.730397737786E-02
 -0.365117704035E-01  0.279519820475     -0.248988765826E-01 -0.404047968313E-01  0.713696163180E-02 -0.407860394774E-02
 -0.141743797833     -0.248988765826E-01  0.170297805888     -0.252248233394E-01 -0.421244526597E-01  0.227533567907E-01
  0.354955052011E-01 -0.404047968313E-01 -0.252248233394E-01  0.218785233429E-01  0.188934226834E-02 -0.468154231454E-02
  0.103154777578E-01  0.713696163180E-02 -0.421244526597E-01  0.188934226834E-02  0.136850501292E-01 -0.596248088681E-02
 -0.730397737786E-02 -0.407860394774E-02  0.227533567907E-01 -0.468154231454E-02 -0.596248088681E-02  0.378763936771E-02
