  0.457923194236E-17  0.754517019199E-02  0.126947378226E-01 -0.130426959341E-01  0.122366847680E-01  0.613992019739E-02
 -0.754517019199E-02 -0.894863384962E-18  0.547127958499E-02 -0.142508223513E-01  0.205731863734E-02 -0.465566192533E-02
 -0.126947378226E-01 -0.547127958499E-02  0.473969020449E-17  0.850287998360E-02  0.186974738425E-02 -0.275814073881E-02
  0.130426959341E-01  0.142508223513E-01 -0.850287998360E-02 -0.672278975185E-17 -0.225220480627E-02  0.156864968520E-03
 -0.122366847680E-01 -0.205731863734E-02 -0.186974738425E-02  0.225220480627E-02  0.138240964298E-17  0.106983348127E-02
 -0.613992019739E-02  0.465566192533E-02  0.275814073881E-02 -0.156864968520E-03 -0.106983348127E-02  0.168069743796E-17
