  0.566479688424     -0.166910193679     -0.770167271618E-01  0.524614006818E-01 -0.190466816672E-01  0.965762918246E-02
 -0.166910193679      0.268277670112     -0.236362448916E-01 -0.621698518876E-01  0.319287055084E-01 -0.825910838527E-02
 -0.770167271618E-01 -0.236362448916E-01  0.931633777595E-01 -0.376176286641E-01 -0.328465808619E-02  0.469219853901E-02
  0.524614006818E-01 -0.621698518876E-01 -0.376176286641E-01  0.549868010882E-01 -0.216061156016E-01  0.335878396552E-02
 -0.190466816672E-01  0.319287055084E-01 -0.328465808619E-02 -0.216061156016E-01  0.154859270526E-01 -0.426111713392E-02
  0.965762918246E-02 -0.825910838527E-02  0.469219853901E-02  0.335878396552E-02 -0.426111713392E-02  0.160653556369E-02
