  0.561124244744     -0.132991270343     -0.821763925539E-01  0.327758741745E-01 -0.164027423503E-02 -0.457072905957E-02
 -0.132991270343      0.243010292756     -0.883315763506E-01 -0.791592587061E-02  0.213962527387E-01 -0.164308218331E-02
 -0.821763925539E-01 -0.883315763506E-01  0.137800520864     -0.111619419646E-01 -0.435708411172E-01  0.259981832238E-01
  0.327758741745E-01 -0.791592587061E-02 -0.111619419646E-01  0.219125273969E-01 -0.930697910986E-02 -0.129590780146E-02
 -0.164027423503E-02  0.213962527387E-01 -0.435708411172E-01 -0.930697910986E-02  0.274459163610E-01 -0.128999197529E-01
 -0.457072905957E-02 -0.164308218331E-02  0.259981832238E-01 -0.129590780146E-02 -0.128999197529E-01  0.870649787929E-02
