  0.270044939495E-16  0.749211199629E-02  0.187085644661E-01 -0.893306893620E-02  0.141642219080E-01 -0.616073507145E-02
 -0.749211199629E-02  0.317280836484E-17  0.377934620882E-01 -0.429235513940E-01  0.143544220187E-01 -0.869947133562E-03
 -0.187085644661E-01 -0.377934620882E-01 -0.683008746801E-17 -0.569846450445E-02  0.450799394589E-02 -0.311175785902E-02
  0.893306893620E-02  0.429235513940E-01  0.569846450445E-02 -0.338179574216E-16 -0.576080178732E-02  0.441539114622E-02
 -0.141642219080E-01 -0.143544220187E-01 -0.450799394589E-02  0.576080178732E-02 -0.120072747699E-16 -0.142146106595E-02
  0.616073507145E-02  0.869947133562E-03  0.311175785902E-02 -0.441539114622E-02  0.142146106595E-02 -0.163846549108E-17
