 -0.138740366329E-16 -0.934290526212E-02 -0.218059171496E-01  0.197723870179E-01 -0.745991523767E-02  0.954817647810E-02
  0.934290526212E-02  0.272242252008E-17 -0.877719072728E-02  0.726954956587E-02 -0.350484279084E-02  0.188836046953E-02
  0.218059171496E-01  0.877719072728E-02  0.631792514864E-17  0.185182779030E-02  0.748333675845E-02 -0.120086068460E-01
 -0.197723870179E-01 -0.726954956587E-02 -0.185182779030E-02 -0.603218984041E-17  0.423566141155E-02 -0.424582740627E-02
  0.745991523767E-02  0.350484279084E-02 -0.748333675845E-02 -0.423566141155E-02  0.260336614165E-16  0.728902563458E-02
 -0.954817647810E-02 -0.188836046953E-02  0.120086068460E-01  0.424582740627E-02 -0.728902563458E-02  0.454944186072E-17
