  0.119707982668E-16  0.154799280844E-01  0.856975307520E-03 -0.160999364917E-02 -0.933989472219E-02  0.529820091362E-02
 -0.154799280844E-01 -0.950109474091E-17  0.299766835755E-01 -0.368999217850E-02 -0.475391735969E-02 -0.495949162262E-02
 -0.856975307520E-03 -0.299766835755E-01  0.717182533705E-17 -0.688907194502E-02 -0.204010856489E-02  0.391692862907E-02
  0.160999364917E-02  0.368999217850E-02  0.688907194502E-02  0.203387349194E-17 -0.418016313438E-02  0.308446725982E-02
  0.933989472219E-02  0.475391735969E-02  0.204010856489E-02  0.418016313438E-02  0.145276677996E-18 -0.331109130031E-02
 -0.529820091362E-02  0.495949162262E-02 -0.391692862907E-02 -0.308446725982E-02  0.331109130031E-02 -0.934613295105E-18
