  0.251353259378E-16  0.295704515488E-01 -0.373430404507E-01  0.531526146457E-01 -0.345199335375E-01  0.593033351399E-02
 -0.295704515488E-01 -0.934139413435E-17 -0.162922997105E-01  0.326820448605E-01 -0.431136324852E-01  0.283795510849E-01
  0.373430404507E-01  0.162922997105E-01 -0.424608824289E-18 -0.126960954281E-01  0.134605698822E-01 -0.336937688145E-02
 -0.531526146457E-01 -0.326820448605E-01  0.126960954281E-01 -0.256888338695E-16  0.839366965086E-02 -0.974009489928E-02
  0.345199335375E-01  0.431136324852E-01 -0.134605698822E-01 -0.839366965086E-02  0.104029161951E-16  0.245817512392E-02
 -0.593033351399E-02 -0.283795510849E-01  0.336937688145E-02  0.974009489928E-02 -0.245817512392E-02  0.565260497334E-17
