  0.377877049129     -0.148867692950     -0.498345960014E-01  0.261436887165E-01  0.172904767662E-01 -0.176493906514E-01
 -0.148867692950      0.282090828373     -0.124498611316     -0.157353597490E-01  0.415228050004E-01 -0.161537034167E-01
 -0.498345960014E-01 -0.124498611316      0.180892730577     -0.744236576734E-01 -0.197066893226E-01  0.259758057358E-01
  0.261436887165E-01 -0.157353597490E-01 -0.744236576734E-01  0.984898215746E-01 -0.427534593776E-01  0.482671241932E-02
  0.172904767662E-01  0.415228050004E-01 -0.197066893226E-01 -0.427534593776E-01  0.480451351627E-01 -0.208057550738E-01
 -0.176493906514E-01 -0.161537034167E-01  0.259758057358E-01  0.482671241932E-02 -0.208057550738E-01  0.126044351844E-01
