 -0.165428753160E-16  0.505767855848E-02  0.219880393349E-01  0.170276155735E-02 -0.832994864662E-02  0.694613587950E-02
 -0.505767855848E-02 -0.131999419733E-16  0.211809388766E-02 -0.135398513455E-01 -0.357283357633E-02  0.106074093389E-01
 -0.219880393349E-01 -0.211809388766E-02  0.111066319814E-16  0.614424383679E-02  0.749899106954E-03 -0.140249546692E-02
 -0.170276155735E-02  0.135398513455E-01 -0.614424383679E-02 -0.183244157346E-18  0.292064174046E-02 -0.441315619647E-02
  0.832994864662E-02  0.357283357633E-02 -0.749899106954E-03 -0.292064174046E-02 -0.575692060996E-17  0.159203645766E-02
 -0.694613587950E-02 -0.106074093389E-01  0.140249546692E-02  0.441315619647E-02 -0.159203645766E-02 -0.881608001454E-17
