  0.486087033753E-17  0.180399120133E-01 -0.876507404561E-02  0.211581300384E-01 -0.150893130531E-01 -0.188669299201E-02
 -0.180399120133E-01 -0.751281093747E-17  0.378953822054E-01 -0.282299113312E-01 -0.695134396292E-02  0.105709262414E-01
  0.876507404561E-02 -0.378953822054E-01 -0.172168583984E-16 -0.789544460768E-02  0.696736366096E-02 -0.222314834491E-02
 -0.211581300384E-01  0.282299113312E-01  0.789544460768E-02 -0.691124165588E-17 -0.414913353082E-02  0.838799975841E-03
  0.150893130531E-01  0.695134396292E-02 -0.696736366096E-02  0.414913353082E-02 -0.830220049249E-18 -0.495670111727E-03
  0.188669299201E-02 -0.105709262414E-01  0.222314834491E-02 -0.838799975841E-03  0.495670111727E-03 -0.197517515815E-18
