  0.480290975244     -0.123872105951     -0.106287111649      0.397064004385E-01  0.310790217140E-01 -0.159571198801E-01
 -0.123872105951      0.283867994260     -0.438000282738E-01 -0.837295010486E-01  0.375396375338E-01  0.146664807767E-01
 -0.106287111649     -0.438000282738E-01  0.135118442884     -0.487186176057E-01 -0.372893808089E-01  0.295355662068E-01
  0.397064004385E-01 -0.837295010486E-01 -0.487186176057E-01  0.733130986623E-01 -0.329276055713E-02 -0.255133677593E-01
  0.310790217140E-01  0.375396375338E-01 -0.372893808089E-01 -0.329276055713E-02  0.167441234245E-01 -0.399971003519E-02
 -0.159571198801E-01  0.146664807767E-01  0.295355662068E-01 -0.255133677593E-01 -0.399971003519E-02  0.106653655254E-01
