  0.271915686767E-16  0.303899258158E-01 -0.108950290648E-01  0.883939666171E-02  0.570163650461E-02  0.667905900300E-03
 -0.303899258158E-01  0.110555679502E-16  0.121906328834E-01 -0.707967576222E-02 -0.180637401280E-01  0.615254059045E-03
  0.108950290648E-01 -0.121906328834E-01  0.539754888897E-17 -0.433951745715E-02  0.292044552810E-02  0.852642815506E-03
 -0.883939666171E-02  0.707967576222E-02  0.433951745715E-02  0.424439938871E-17 -0.364308470965E-02  0.597794311657E-03
 -0.570163650461E-02  0.180637401280E-01 -0.292044552810E-02  0.364308470965E-02  0.744489501927E-17 -0.162190803546E-02
 -0.667905900300E-03 -0.615254059045E-03 -0.852642815506E-03 -0.597794311657E-03  0.162190803546E-02  0.927830157123E-18
