 -0.353194656074E-16 -0.113624018145E-01  0.121602729215E-01 -0.217364644853E-01 -0.316923145544E-03  0.661240917079E-02
  0.113624018145E-01  0.148250327395E-16 -0.100337637877E-01 -0.100754969665E-02  0.284089749945E-02 -0.300639931481E-02
 -0.121602729215E-01  0.100337637877E-01  0.198920324021E-16  0.940915282479E-02 -0.336247059687E-02 -0.430079252310E-02
  0.217364644853E-01  0.100754969665E-02 -0.940915282479E-02  0.269670336173E-16  0.574421139397E-02  0.576544323402E-03
  0.316923145544E-03 -0.284089749945E-02  0.336247059687E-02 -0.574421139397E-02 -0.902318995560E-17  0.131998542731E-02
 -0.661240917079E-02  0.300639931481E-02  0.430079252310E-02 -0.576544323402E-03 -0.131998542731E-02 -0.680370738839E-17
