  0.404183825425E-17  0.521338342563E-02 -0.436622451140E-02  0.186434101186E-01 -0.485413426048E-02  0.458433965490E-02
 -0.521338342563E-02 -0.981864682431E-17  0.371676741317E-01 -0.235186250182E-01 -0.225933907804E-01  0.851631160969E-02
  0.436622451140E-02 -0.371676741317E-01 -0.178637684369E-17 -0.103881649939E-01  0.137960474064E-01 -0.319584008548E-02
 -0.186434101186E-01  0.235186250182E-01  0.103881649939E-01  0.385548959070E-17 -0.559773839667E-02  0.136499014082E-02
  0.485413426048E-02  0.225933907804E-01 -0.137960474064E-01  0.559773839667E-02  0.771097918139E-18 -0.869193003046E-03
 -0.458433965490E-02 -0.851631160969E-02  0.319584008548E-02 -0.136499014082E-02  0.869193003046E-03 -0.991106813077E-19
