  0.120358487704E-16  0.189191912731E-02  0.199747302750E-02 -0.503551375562E-02 -0.287115967199E-02  0.867922972075E-02
 -0.189191912731E-02  0.179174447714E-17  0.308199284606E-01 -0.146608720581E-01 -0.500998047733E-03  0.618018310434E-03
 -0.199747302750E-02 -0.308199284606E-01  0.132433287441E-16 -0.486077266927E-02  0.243364617191E-02  0.236079011157E-02
  0.503551375562E-02  0.146608720581E-01  0.486077266927E-02 -0.271682994088E-16 -0.573311162511E-02  0.292473818029E-02
  0.287115967199E-02  0.500998047733E-03 -0.243364617191E-02  0.573311162511E-02 -0.405090055702E-17 -0.204712222138E-02
 -0.867922972075E-02 -0.618018310434E-03 -0.236079011157E-02 -0.292473818029E-02  0.204712222138E-02  0.194770049693E-17
