  0.636090387127E-18 -0.783255362582E-02  0.940867315391E-02  0.777046030259E-02  0.174144259510E-02  0.363707223367E-04
  0.783255362582E-02 -0.424731239506E-17  0.180679477373E-01  0.372895679516E-02 -0.214358424579E-01  0.104689280073E-01
 -0.940867315391E-02 -0.180679477373E-01  0.562819215952E-17 -0.163219359031E-02  0.261767763404E-02  0.348631810429E-02
 -0.777046030259E-02 -0.372895679516E-02  0.163219359031E-02  0.676349272389E-17  0.362947935015E-02 -0.473430252649E-02
 -0.174144259510E-02  0.214358424579E-01 -0.261767763404E-02 -0.362947935015E-02  0.776191307836E-17  0.540317709365E-03
 -0.363707223367E-04 -0.104689280073E-01 -0.348631810429E-02  0.473430252649E-02 -0.540317709365E-03 -0.489397073957E-18
