  0.627632205727      0.580637707590E-03 -0.808147560325E-01  0.140022472639E-01 -0.120343419411E-02  0.170080057453E-02
  0.580637707590E-03  0.320276032911     -0.317762712057E-01 -0.260752174682E-01  0.104669383691E-01 -0.703732680567E-02
 -0.808147560325E-01 -0.317762712057E-01  0.292756428410E-01 -0.397756833797E-02 -0.115931406953E-01  0.449722150621E-02
  0.140022472639E-01 -0.260752174682E-01 -0.397756833797E-02  0.118517676433E-01  0.537930943700E-04 -0.295334230573E-02
 -0.120343419411E-02  0.104669383691E-01 -0.115931406953E-01  0.537930943700E-04  0.904013677874E-02 -0.213260813121E-02
  0.170080057453E-02 -0.703732680567E-02  0.449722150621E-02 -0.295334230573E-02 -0.213260813121E-02  0.192421409889E-02
