  0.563811428204     -0.132990927827     -0.561633396882E-01  0.278959746691E-01  0.222767040704E-03  0.384301609717E-02
 -0.132990927827      0.272165889163     -0.767512338659E-01 -0.254854183138E-01  0.145097635776E-01 -0.297448514784E-02
 -0.561633396882E-01 -0.767512338659E-01  0.105424520049     -0.991640442603E-02 -0.232442853954E-01  0.132999907422E-01
  0.278959746691E-01 -0.254854183138E-01 -0.991640442603E-02  0.295631451768E-01 -0.178117522673E-01  0.199835627030E-02
  0.222767040704E-03  0.145097635776E-01 -0.232442853954E-01 -0.178117522673E-01  0.251618500677E-01 -0.806412915939E-02
  0.384301609717E-02 -0.297448514784E-02  0.132999907422E-01  0.199835627030E-02 -0.806412915939E-02  0.387316733941E-02
