  0.399491752287E-16 -0.498806845457E-02  0.821765335266E-03 -0.308863950043E-01  0.231523536552E-01 -0.455384831677E-02
  0.498806845457E-02  0.917885370259E-17  0.503888998522E-01 -0.387378488327E-01  0.514469300376E-02  0.515109107359E-02
 -0.821765335266E-03 -0.503888998522E-01  0.596096450109E-16 -0.142980514879E-01  0.114824349716E-01 -0.448525666629E-02
  0.308863950043E-01  0.387378488327E-01  0.142980514879E-01  0.313456531342E-16 -0.826969161443E-02  0.420082153971E-02
 -0.231523536552E-01 -0.514469300376E-02 -0.114824349716E-01  0.826969161443E-02  0.132260139807E-18 -0.145272619585E-02
  0.455384831677E-02 -0.515109107359E-02  0.448525666629E-02 -0.420082153971E-02  0.145272619585E-02 -0.141353024419E-18
