  0.534511090161     -0.193085659157     -0.535542308522E-01  0.354690193674E-01  0.350421793688E-02 -0.230228534518E-01
 -0.193085659157      0.249060954580     -0.416928954311E-01 -0.534695942724E-01  0.237355680836E-01  0.946232539945E-02
 -0.535542308522E-01 -0.416928954311E-01  0.120499725856     -0.551562465143E-01 -0.119404093867E-01  0.194790376548E-01
  0.354690193674E-01 -0.534695942724E-01 -0.551562465143E-01  0.662563878834E-01 -0.120143441275E-01 -0.979238942236E-02
  0.350421793688E-02  0.237355680836E-01 -0.119404093867E-01 -0.120143441275E-01  0.189252274749E-01 -0.989311865963E-02
 -0.230228534518E-01  0.946232539945E-02  0.194790376548E-01 -0.979238942236E-02 -0.989311865963E-02  0.107466140448E-01
