  0.490176304419     -0.183935686233     -0.424941790519E-01  0.232493958023E-01  0.418194412167E-02 -0.499061934704E-02
 -0.183935686233      0.287327846771     -0.105379269721     -0.201721367514E-01  0.267242589500E-01 -0.152527450729E-01
 -0.424941790519E-01 -0.105379269721      0.138671183642     -0.331106308320E-01 -0.238418833089E-01  0.234474477176E-01
  0.232493958023E-01 -0.201721367514E-01 -0.331106308320E-01  0.367376415034E-01 -0.162961419938E-01  0.397916524940E-02
  0.418194412167E-02  0.267242589500E-01 -0.238418833089E-01 -0.162961419938E-01  0.330739889603E-01 -0.202665895891E-01
 -0.499061934704E-02 -0.152527450729E-01  0.234474477176E-01  0.397916524940E-02 -0.202665895891E-01  0.140130347039E-01
