  0.473735440927     -0.140166329406     -0.937097896445E-01  0.391054218796E-01  0.289207345683E-01 -0.272232724928E-01
 -0.140166329406      0.288787050728     -0.522814781019E-01 -0.699378511546E-01  0.309760406102E-01  0.433064528667E-02
 -0.937097896445E-01 -0.522814781019E-01  0.136776908617     -0.549540198443E-01 -0.353019823126E-01  0.360612639383E-01
  0.391054218796E-01 -0.699378511546E-01 -0.549540198443E-01  0.730918591412E-01 -0.433250977006E-03 -0.222206281832E-01
  0.289207345683E-01  0.309760406102E-01 -0.353019823126E-01 -0.433250977006E-03  0.161443311118E-01 -0.821351061146E-02
 -0.272232724928E-01  0.433064528667E-02  0.360612639383E-01 -0.222206281832E-01 -0.821351061146E-02  0.114644094749E-01
