  0.190599632198E-16  0.250609275248E-01 -0.590582355574E-01  0.611994485871E-01 -0.297509893898E-01  0.737891231944E-02
 -0.250609275248E-01  0.173425055808E-16  0.132754535770E-02  0.369455929778E-01 -0.463053324545E-01  0.242947874089E-01
  0.590582355574E-01 -0.132754535770E-02 -0.137892765545E-16 -0.163011300170E-01  0.114519897275E-01 -0.369696598223E-02
 -0.611994485871E-01 -0.369455929778E-01  0.163011300170E-01  0.659503733355E-17  0.749486971307E-02 -0.458859536905E-02
  0.297509893898E-01  0.463053324545E-01 -0.114519897275E-01 -0.749486971307E-02 -0.671716765454E-17  0.107838718120E-03
 -0.737891231944E-02 -0.242947874089E-01  0.369696598223E-02  0.458859536905E-02 -0.107838718120E-03  0.517145577949E-18
