  0.480897710718     -0.109024294529     -0.953155502237E-01  0.400217342386E-01  0.903219309806E-02 -0.142475113203E-01
 -0.109024294529      0.272093251307     -0.552675315337E-01 -0.106121836392E-01 -0.945684539392E-02  0.655846040820E-02
 -0.953155502237E-01 -0.552675315337E-01  0.126314316129     -0.365021670762E-01 -0.386901488423E-01  0.349930950916E-01
  0.400217342386E-01 -0.106121836392E-01 -0.365021670762E-01  0.588708791850E-01 -0.152171865395E-01 -0.838730719198E-02
  0.903219309806E-02 -0.945684539392E-02 -0.386901488423E-01 -0.152171865395E-01  0.454779381533E-01 -0.220245601429E-01
 -0.142475113203E-01  0.655846040820E-02  0.349930950916E-01 -0.838730719198E-02 -0.220245601429E-01  0.163459045080E-01
