  0.732572578671     -0.426426762492      0.105041865876     -0.144385303381E-01  0.172051642448E-02  0.178128611880E-02
 -0.426426762492      0.250513467106     -0.629066668370E-01  0.899428143964E-02 -0.106946436081E-02 -0.107371813936E-02
  0.105041865876     -0.629066668370E-01  0.164453255944E-01 -0.254514281460E-02  0.293715430035E-03  0.287611272459E-03
 -0.144385303381E-01  0.899428143964E-02 -0.254514281460E-02  0.452675086603E-03 -0.483542523363E-04 -0.473092112823E-04
  0.172051642448E-02 -0.106946436081E-02  0.293715430035E-03 -0.483542523363E-04  0.100633559518E-04  0.451351406005E-05
  0.178128611880E-02 -0.107371813936E-02  0.287611272459E-03 -0.473092112823E-04  0.451351406005E-05  0.589018581880E-05
