  0.155575601780     -0.192692123444      0.104948209299     -0.274653170566E-01  0.543177921940E-02 -0.312769178716E-02
 -0.192692123444      0.470887395863     -0.344867485669      0.125963453120     -0.352706805173E-01  0.103815962256E-01
  0.104948209299     -0.344867485669      0.296723252999     -0.130232267496      0.404455217147E-01 -0.953433607384E-02
 -0.274653170566E-01  0.125963453120     -0.130232267496      0.680398534503E-01 -0.229825211566E-01  0.481473592501E-02
  0.543177921940E-02 -0.352706805173E-01  0.404455217147E-01 -0.229825211566E-01  0.822869484684E-02 -0.175955794978E-02
 -0.312769178716E-02  0.103815962256E-01 -0.953433607384E-02  0.481473592501E-02 -0.175955794978E-02  0.545201060804E-03
