  0.102970927744E-16  0.537708463766E-02  0.223573718083E-01 -0.258237034431E-02 -0.972077490928E-03 -0.772604853531E-02
 -0.537708463766E-02  0.109835656260E-16 -0.142243654002E-01 -0.206492004882E-02 -0.359539306752E-02 -0.117028144888E-02
 -0.223573718083E-01  0.142243654002E-01 -0.241397046725E-18  0.128976998620E-01 -0.112370105969E-01  0.657701920565E-02
  0.258237034431E-02  0.206492004882E-02 -0.128976998620E-01 -0.159322050839E-16  0.133456970499E-01 -0.741847265840E-02
  0.972077490928E-03  0.359539306752E-02  0.112370105969E-01 -0.133456970499E-01 -0.156908080371E-16  0.293112294295E-03
  0.772604853531E-02  0.117028144888E-02 -0.657701920565E-02  0.741847265840E-02 -0.293112294295E-03 -0.595194593332E-16
