  0.616592643128     -0.389922393072E-01 -0.103202244649      0.221701317045E-01  0.409188694724E-02  0.255102338552E-02
 -0.389922393072E-01  0.272744947022     -0.594938294013E-01 -0.271968953528E-01  0.158008340029E-01 -0.127116450657E-02
 -0.103202244649     -0.594938294013E-01  0.873366232741E-01 -0.926010908769E-02 -0.108398595849E-01  0.439710692503E-02
  0.221701317045E-01 -0.271968953528E-01 -0.926010908769E-02  0.125886056079E-01 -0.362896196832E-02 -0.235494877881E-02
  0.409188694724E-02  0.158008340029E-01 -0.108398595849E-01 -0.362896196832E-02  0.834266303719E-02 -0.218974848780E-02
  0.255102338552E-02 -0.127116450657E-02  0.439710692503E-02 -0.235494877881E-02 -0.218974848780E-02  0.239451793129E-02
