  0.659608556208      0.114756713030E-02 -0.697274094901E-01  0.159454475097E-01  0.368810379206E-02 -0.863745880022E-02
  0.114756713030E-02  0.258468602087     -0.520406777924E-01  0.180918178435E-01 -0.753060595689E-02 -0.198793311348E-02
 -0.697274094901E-01 -0.520406777924E-01  0.543724282710E-01 -0.119965988871E-01 -0.120992302741E-01  0.698891679156E-02
  0.159454475097E-01  0.180918178435E-01 -0.119965988871E-01  0.143234752499E-01  0.310446931181E-03  0.195465455874E-02
  0.368810379206E-02 -0.753060595689E-02 -0.120992302741E-01  0.310446931181E-03  0.627308473439E-02 -0.375466769073E-02
 -0.863745880022E-02 -0.198793311348E-02  0.698891679156E-02  0.195465455874E-02 -0.375466769073E-02  0.695385344948E-02
