  0.903883314280     -0.147169285886     -0.312127696603E-01  0.788069422244E-02 -0.261790578521E-02  0.561374085752E-03
 -0.147169285886      0.317837750069E-01  0.106446317337E-01  0.105868068884E-01 -0.362398795952E-02  0.357833509439E-03
 -0.312127696603E-01  0.106446317337E-01  0.367853992240E-01 -0.324433624560E-02 -0.244158316517E-03  0.252991941990E-02
  0.788069422244E-02  0.105868068884E-01 -0.324433624560E-02  0.246758898150E-01 -0.805022075523E-02 -0.169989353865E-03
 -0.261790578521E-02 -0.362398795952E-02 -0.244158316517E-03 -0.805022075523E-02  0.268729660850E-02 -0.341023511721E-04
  0.561374085752E-03  0.357833509439E-03  0.252991941990E-02 -0.169989353865E-03 -0.341023511721E-04  0.184325065127E-03
