  0.478772205171E-17  0.146465911622E-01  0.290467870823E-02  0.137629347736E-01 -0.927332178948E-03 -0.104997255724E-01
 -0.146465911622E-01  0.436952918679E-16 -0.118317660204E-01  0.147284009603E-01 -0.186575843326E-01  0.133080369591E-01
 -0.290467870823E-02  0.118317660204E-01 -0.228247320669E-16 -0.277074004626E-02 -0.569658658855E-02  0.755658470694E-02
 -0.137629347736E-01 -0.147284009603E-01  0.277074004626E-02 -0.143827078778E-16  0.881251674031E-02 -0.963748320626E-02
  0.927332178948E-03  0.186575843326E-01  0.569658658855E-02 -0.881251674031E-02  0.781668906402E-18  0.302272821243E-02
  0.104997255724E-01 -0.133080369591E-01 -0.755658470694E-02  0.963748320626E-02 -0.302272821243E-02  0.445383339970E-17
