  0.786844627809      0.621687046713E-02 -0.587157412039E-01  0.109529491579E-01 -0.374386474541E-02  0.259129799540E-01
  0.621687046713E-02  0.161780065314     -0.437533958237E-01  0.682111188812E-02 -0.960759622816E-02 -0.566721862185E-03
 -0.587157412039E-01 -0.437533958237E-01  0.347958137817E-01 -0.243128694221E-02 -0.482406872409E-02  0.138383587249E-02
  0.109529491579E-01  0.682111188812E-02 -0.243128694221E-02  0.796273151888E-02 -0.113229019641E-03  0.472273486833E-03
 -0.374386474541E-02 -0.960759622816E-02 -0.482406872409E-02 -0.113229019641E-03  0.570989778997E-02 -0.195273682082E-02
  0.259129799540E-01 -0.566721862185E-03  0.138383587249E-02  0.472273486833E-03 -0.195273682082E-02  0.290686378671E-02
