  0.595699565042     -0.113033139542     -0.101798512849      0.404907104865E-01  0.185565625025E-01 -0.613014834719E-02
 -0.113033139542      0.258242205675     -0.167607265081E-01 -0.737119202737E-01  0.224646958320E-01 -0.641410269708E-03
 -0.101798512849     -0.167607265081E-01  0.102158682947     -0.325040023981E-01 -0.128722784057E-01  0.717118932548E-02
  0.404907104865E-01 -0.737119202737E-01 -0.325040023981E-01  0.382828827775E-01 -0.433773265572E-02 -0.265660756376E-02
  0.185565625025E-01  0.224646958320E-01 -0.128722784057E-01 -0.433773265572E-02  0.495126503501E-02 -0.860653809464E-03
 -0.613014834719E-02 -0.641410269708E-03  0.717118932548E-02 -0.265660756376E-02 -0.860653809464E-03  0.665398522445E-03
