  0.727240931240     -0.144348635656E-01 -0.996531422278E-01  0.243657863216E-01 -0.636852702904E-02  0.372000128156E-02
 -0.144348635656E-01  0.218831791499     -0.264673280015E-01 -0.493863364869E-02  0.673668677702E-03 -0.112383381022E-02
 -0.996531422278E-01 -0.264673280015E-01  0.321402151872E-01 -0.534309845738E-02 -0.332307853613E-02  0.654689363878E-02
  0.243657863216E-01 -0.493863364869E-02 -0.534309845738E-02  0.670755271930E-02 -0.917341543781E-03 -0.308120917240E-02
 -0.636852702904E-02  0.673668677702E-03 -0.332307853613E-02 -0.917341543781E-03  0.416180464563E-02 -0.341246287565E-02
  0.372000128156E-02 -0.112383381022E-02  0.654689363878E-02 -0.308120917240E-02 -0.341246287565E-02  0.109177047092E-01
