 -0.208548238834E-16  0.334890813116E-02 -0.176780080298E-02 -0.499349682848E-01  0.277252695046E-01 -0.232858274132E-02
 -0.334890813116E-02 -0.291781883117E-16  0.257991805548E-01 -0.118612716197E-01  0.714716723324E-02 -0.655345132611E-02
  0.176780080298E-02 -0.257991805548E-01  0.543500764346E-17  0.311816146674E-02 -0.393059446004E-02  0.465635237839E-02
  0.499349682848E-01  0.118612716197E-01 -0.311816146674E-02 -0.873906179504E-17 -0.553612165360E-02  0.449204305201E-02
 -0.277252695046E-01 -0.714716723324E-02  0.393059446004E-02  0.553612165360E-02 -0.430495654928E-19 -0.313732720839E-02
  0.232858274132E-02  0.655345132611E-02 -0.465635237839E-02 -0.449204305201E-02  0.313732720839E-02  0.123792725147E-17
