 -0.450746027436E-16  0.247033897601E-01  0.621662407825E-02 -0.148862930811E-01  0.100996122924E-01  0.629116533000E-02
 -0.247033897601E-01 -0.941569098555E-17 -0.578803620699E-02  0.799227657782E-02 -0.137117234746E-02 -0.389100240167E-02
 -0.621662407825E-02  0.578803620699E-02 -0.247222245364E-16  0.138881404002E-01 -0.125396226767E-01  0.474484156818E-02
  0.148862930811E-01 -0.799227657782E-02 -0.138881404002E-01  0.183485260231E-17  0.330871981085E-02 -0.204401536562E-02
 -0.100996122924E-01  0.137117234746E-02  0.125396226767E-01 -0.330871981085E-02  0.345242002803E-17 -0.100520010954E-02
 -0.629116533000E-02  0.389100240167E-02 -0.474484156818E-02  0.204401536562E-02  0.100520010954E-02 -0.887247804407E-17
