  0.478796871610     -0.105890695790     -0.961664705480E-01  0.335905498680E-01  0.274945123532E-01 -0.196460943925E-01
 -0.105890695790      0.266503137596     -0.606773757138E-01 -0.798977881922E-01  0.445933992668E-01  0.987041091546E-02
 -0.961664705480E-01 -0.606773757138E-01  0.161106029304     -0.452259173478E-01 -0.494354823527E-01  0.354248930903E-01
  0.335905498680E-01 -0.798977881922E-01 -0.452259173478E-01  0.617184439808E-01  0.113230578078E-03 -0.218336916968E-01
  0.274945123532E-01  0.445933992668E-01 -0.494354823527E-01  0.113230578078E-03  0.209708709698E-01 -0.810378438235E-02
 -0.196460943925E-01  0.987041091546E-02  0.354248930903E-01 -0.218336916968E-01 -0.810378438235E-02  0.109046465397E-01
