  0.398518443546     -0.340956289338      0.153894919866     -0.300381966835E-01 -0.476776823568E-02 -0.416474531558E-03
 -0.340956289338      0.403329062570     -0.230425795622      0.740207452027E-01 -0.122726995687E-01 -0.337009172629E-03
  0.153894919866     -0.230425795622      0.164320315154     -0.660286447785E-01  0.144903454905E-01  0.402707902434E-03
 -0.300381966835E-01  0.740207452027E-01 -0.660286447785E-01  0.310683989687E-01 -0.796387981924E-02 -0.232475926491E-03
 -0.476776823568E-02 -0.122726995687E-01  0.144903454905E-01 -0.796387981924E-02  0.272923603821E-02  0.111689285291E-03
 -0.416474531558E-03 -0.337009172629E-03  0.402707902434E-03 -0.232475926491E-03  0.111689285291E-03  0.345437236940E-04
