  0.811113160108     -0.122513449234E-01 -0.979145825201E-01 -0.175006045352E-02  0.788230782837E-02 -0.346531758615E-02
 -0.122513449234E-01  0.921037456920E-01 -0.143959910734E-01 -0.427317008729E-02  0.616419546518E-02 -0.242110448772E-02
 -0.979145825201E-01 -0.143959910734E-01  0.909234333812E-01 -0.101793121313E-01 -0.416110502180E-03 -0.905968461654E-03
 -0.175006045352E-02 -0.427317008729E-02 -0.101793121313E-01  0.435979368611E-02 -0.184705831685E-02  0.148042122431E-03
  0.788230782837E-02  0.616419546518E-02 -0.416110502180E-03 -0.184705831685E-02  0.131173306537E-02 -0.116234669398E-03
 -0.346531758615E-02 -0.242110448772E-02 -0.905968461654E-03  0.148042122431E-03 -0.116234669398E-03  0.188134066901E-03
