  0.485907820331     -0.141907649799     -0.645042494583E-01  0.259030664212E-01  0.349381917940E-01 -0.232931673779E-01
 -0.141907649799      0.281123061561     -0.739442542700E-01 -0.520451385598E-01  0.304208783235E-01 -0.265593980479E-03
 -0.645042494583E-01 -0.739442542700E-01  0.132820602315     -0.457390884232E-01 -0.333111464614E-01  0.302872692893E-01
  0.259030664212E-01 -0.520451385598E-01 -0.457390884232E-01  0.594273804724E-01 -0.885882386059E-02 -0.116199968965E-01
  0.349381917940E-01  0.304208783235E-01 -0.333111464614E-01 -0.885882386059E-02  0.288008732284E-01 -0.142892053174E-01
 -0.232931673779E-01 -0.265593980479E-03  0.302872692893E-01 -0.116199968965E-01 -0.142892053174E-01  0.119202620928E-01
