  0.455030234360     -0.939974347177E-01 -0.119074351547      0.278771835592E-01  0.374031211031E-01 -0.162633483721E-01
 -0.939974347177E-01  0.256747433600     -0.262646208164E-01 -0.860660201109E-01  0.383584327285E-01  0.108499551740E-01
 -0.119074351547     -0.262646208164E-01  0.172510351197     -0.450308081844E-01 -0.558648372447E-01  0.303934066374E-01
  0.278771835592E-01 -0.860660201109E-01 -0.450308081844E-01  0.773807402929E-01 -0.107836673738E-01 -0.186921285139E-01
  0.374031211031E-01  0.383584327285E-01 -0.558648372447E-01 -0.107836673738E-01  0.299138308236E-01 -0.683102259322E-02
 -0.162633483721E-01  0.108499551740E-01  0.303934066374E-01 -0.186921285139E-01 -0.683102259322E-02  0.841740972626E-02
