  0.653346385209     -0.416572706565E-01 -0.102923780145      0.614541168703E-02  0.751835058397E-02  0.292169623880E-02
 -0.416572706565E-01  0.214913303068     -0.412893129063E-01 -0.203497774960E-01  0.166637686513E-01 -0.285230667805E-02
 -0.102923780145     -0.412893129063E-01  0.109685372646     -0.139204406212E-01 -0.178580711590E-01  0.705325795522E-02
  0.614541168703E-02 -0.203497774960E-01 -0.139204406212E-01  0.107606267811E-01 -0.122753947991E-02 -0.277030101086E-02
  0.751835058397E-02  0.166637686513E-01 -0.178580711590E-01 -0.122753947991E-02  0.916303003042E-02 -0.240059029587E-02
  0.292169623880E-02 -0.285230667805E-02  0.705325795522E-02 -0.277030101086E-02 -0.240059029587E-02  0.213128226598E-02
