  0.850889669442     -0.827421248134E-01  0.153549756392E-02  0.709867738370E-02  0.210017457594E-02 -0.547578931398E-02
 -0.827421248134E-01  0.125318803813      0.447442920930E-02 -0.903354405036E-02 -0.300970105187E-02  0.107078656188E-02
  0.153549756392E-02  0.447442920930E-02  0.149326023802E-01 -0.215073791933E-02  0.163285649952E-02 -0.175413843564E-02
  0.709867738370E-02 -0.903354405036E-02 -0.215073791933E-02  0.310817038784E-02 -0.113955351881E-02 -0.957466178782E-04
  0.210017457594E-02 -0.300970105187E-02  0.163285649952E-02 -0.113955351881E-02  0.305661881027E-02  0.340405817613E-03
 -0.547578931398E-02  0.107078656188E-02 -0.175413843564E-02 -0.957466178782E-04  0.340405817613E-03  0.269413516581E-02
