 -0.547793664072E-16  0.434400915500E-02  0.270621483227E-01  0.148456856754E-01 -0.150080507710E-02 -0.161164823023E-02
 -0.434400915500E-02 -0.243941538504E-16  0.232792270519E-01 -0.108553976438E-01 -0.528903511653E-02 -0.140078530830E-03
 -0.270621483227E-01 -0.232792270519E-01 -0.272633847898E-16 -0.825874796796E-02 -0.688970782305E-03  0.150329843116E-02
 -0.148456856754E-01  0.108553976438E-01  0.825874796796E-02 -0.133528399830E-17 -0.828770729916E-03 -0.781335475850E-04
  0.150080507710E-02  0.528903511653E-02  0.688970782305E-03  0.828770729916E-03 -0.368354206427E-18 -0.198749307955E-03
  0.161164823023E-02  0.140078530830E-03 -0.150329843116E-02  0.781335475850E-04  0.198749307955E-03  0.849992205184E-20
