  0.439598480568     -0.117678081061     -0.526677076803E-01 -0.148740605561E-01  0.273106979180E-01 -0.154124700917E-01
 -0.117678081061      0.265829090797     -0.782597260420E-01 -0.361101597847E-01  0.462768328088E-01 -0.178670343169E-01
 -0.526677076803E-01 -0.782597260420E-01  0.162698001913     -0.467601915865E-01 -0.351530411211E-01  0.299117498456E-01
 -0.148740605561E-01 -0.361101597847E-01 -0.467601915865E-01  0.554343839544E-01 -0.216927836939E-01  0.142013928481E-02
  0.273106979180E-01  0.462768328088E-01 -0.351530411211E-01 -0.216927836939E-01  0.525467318038E-01 -0.319533898101E-01
 -0.154124700917E-01 -0.178670343169E-01  0.299117498456E-01  0.142013928481E-02 -0.319533898101E-01  0.238933109635E-01
