 -0.557216069717E-16  0.222820465446E-01 -0.173322470620E-01  0.195163523575E-02  0.617523172974E-02 -0.424234376638E-04
 -0.222820465446E-01 -0.254395800317E-16  0.438699163960E-02  0.402409771615E-03 -0.263202829776E-02 -0.733410075495E-04
  0.173322470620E-01 -0.438699163960E-02  0.596026231039E-17 -0.115343849829E-02  0.687899680019E-03  0.139286410490E-04
 -0.195163523575E-02 -0.402409771615E-03  0.115343849829E-02  0.101753452123E-16 -0.263906086847E-03  0.427937288860E-04
 -0.617523172974E-02  0.263202829776E-02 -0.687899680019E-03  0.263906086847E-03 -0.414388834444E-18 -0.186386676467E-04
  0.424234376638E-04  0.733410075495E-04 -0.139286410490E-04 -0.427937288860E-04  0.186386676467E-04 -0.434031990923E-20
