 -0.270556789598E-15  0.224797411838E-02 -0.275902026858E-01  0.104638417480E-01  0.545536954114E-02  0.209218676504E-03
 -0.224797411838E-02  0.245391204706E-16  0.285399213890E-01 -0.117935083713E-01  0.181781714299E-02 -0.302614275481E-02
  0.275902026858E-01 -0.285399213890E-01  0.298109796118E-15 -0.223600707635E-02  0.158267634694E-02 -0.537598490553E-03
 -0.104638417480E-01  0.117935083713E-01  0.223600707635E-02  0.964214974969E-17 -0.152024813880E-02  0.734306633091E-03
 -0.545536954114E-02 -0.181781714299E-02 -0.158267634694E-02  0.152024813880E-02 -0.452384192113E-16 -0.220854877769E-03
 -0.209218676504E-03  0.302614275481E-02  0.537598490553E-03 -0.734306633091E-03  0.220854877769E-03 -0.672884344636E-17
