  0.308050247440     -0.120519059348     -0.401508947784E-01  0.283369973813E-01 -0.914170799494E-02  0.337557251623E-02
 -0.120519059348      0.273084388299     -0.207560521394      0.854745606291E-01 -0.211771153868E-01  0.360396284521E-02
 -0.401508947784E-01 -0.207560521394      0.290297843847     -0.141313866776      0.318509669523E-01 -0.462374215961E-02
  0.283369973813E-01  0.854745606291E-01 -0.141313866776      0.983086282933E-01 -0.382391092365E-01  0.892797674787E-02
 -0.914170799494E-02 -0.211771153868E-01  0.318509669523E-01 -0.382391092365E-01  0.256633652547E-01 -0.914567030905E-02
  0.337557251623E-02  0.360396284521E-02 -0.462374215961E-02  0.892797674787E-02 -0.914567030905E-02  0.459552686666E-02
