  0.537710200039E-17  0.176678868188E-01  0.142629248163E-01  0.190842047628E-02 -0.621575662555E-02  0.350754092276E-03
 -0.176678868188E-01  0.175663192903E-17 -0.153696568586E-01  0.517266314418E-02 -0.983209224507E-02  0.162603000610E-01
 -0.142629248163E-01  0.153696568586E-01  0.131282403872E-16  0.149220628011E-01 -0.131266394798E-01  0.233343341361E-03
 -0.190842047628E-02 -0.517266314418E-02 -0.149220628011E-01  0.624120991254E-17  0.662174117925E-02 -0.389061191423E-02
  0.621575662555E-02  0.983209224507E-02  0.131266394798E-01 -0.662174117925E-02  0.991980383450E-17  0.217681011157E-02
 -0.350754092276E-03 -0.162603000610E-01 -0.233343341361E-03  0.389061191423E-02 -0.217681011157E-02  0.438802780947E-17
