 -0.243521138370E-15  0.288752866629E-01 -0.244318700142E-01  0.532283613176E-02  0.203312433917E-02  0.116133884420E-03
 -0.288752866629E-01  0.201311460083E-16  0.150445557823E-01 -0.719199478511E-02  0.429361909153E-03  0.736583964248E-04
  0.244318700142E-01 -0.150445557823E-01 -0.814114413707E-16  0.288795374940E-02 -0.957763592977E-03 -0.267654824828E-04
 -0.532283613176E-02  0.719199478511E-02 -0.288795374940E-02 -0.656899162361E-17  0.296535189895E-03 -0.289275544533E-04
 -0.203312433917E-02 -0.429361909153E-03  0.957763592977E-03 -0.296535189895E-03 -0.364326210512E-18  0.162871806706E-04
 -0.116133884420E-03 -0.736583964248E-04  0.267654824828E-04  0.289275544533E-04 -0.162871806706E-04 -0.512744409235E-19
