  0.376714344354     -0.116632621858     -0.863615871931E-01  0.447025083976E-01  0.593251111116E-02 -0.982903740314E-02
 -0.116632621858      0.230444328209     -0.820922319567E-01 -0.487613810660E-02  0.179325373459E-02 -0.328839780542E-03
 -0.863615871931E-01 -0.820922319567E-01  0.235489104852     -0.100004497734     -0.281955122359E-01  0.375217319150E-01
  0.447025083976E-01 -0.487613810660E-02 -0.100004497734      0.774194021062E-01 -0.203365328568E-01  0.676672548335E-03
  0.593251111116E-02  0.179325373459E-02 -0.281955122359E-01 -0.203365328568E-01  0.539986613249E-01 -0.354295702113E-01
 -0.982903740314E-02 -0.328839780542E-03  0.375217319150E-01  0.676672548335E-03 -0.354295702113E-01  0.259341591537E-01
