  0.575891116818     -0.118272345088     -0.113086271516      0.456251107799E-01  0.107085594073E-01 -0.860195446426E-02
 -0.118272345088      0.260985403835     -0.509819089584E-01 -0.636639003113E-01  0.312983066727E-01  0.607461675263E-02
 -0.113086271516     -0.509819089584E-01  0.976862716851E-01 -0.659020845060E-02 -0.287083207711E-01  0.848905328730E-02
  0.456251107799E-01 -0.636639003113E-01 -0.659020845060E-02  0.413184413975E-01 -0.172409053418E-01 -0.432699044155E-02
  0.107085594073E-01  0.312983066727E-01 -0.287083207711E-01 -0.172409053418E-01  0.219360105966E-01 -0.264136373729E-02
 -0.860195446426E-02  0.607461675263E-02  0.848905328730E-02 -0.432699044155E-02 -0.264136373729E-02  0.218275566787E-02
