  0.873743607078E-17  0.155921621245E-01  0.268486529290E-02  0.117658930665E-01 -0.861225007074E-03 -0.875058794371E-02
 -0.155921621245E-01 -0.202090358100E-17 -0.114364039389E-01  0.116557732682E-01 -0.149890987869E-01  0.108737233032E-01
 -0.268486529290E-02  0.114364039389E-01 -0.121650470464E-16 -0.363561648653E-02 -0.344580537908E-02  0.643386670800E-02
 -0.117658930665E-01 -0.116557732682E-01  0.363561648653E-02 -0.332854707458E-17  0.824185378724E-02 -0.943105934323E-02
  0.861225007074E-03  0.149890987869E-01  0.344580537908E-02 -0.824185378724E-02  0.142652017482E-17  0.312896059434E-02
  0.875058794371E-02 -0.108737233032E-01 -0.643386670800E-02  0.943105934323E-02 -0.312896059434E-02  0.712238490931E-17
