  0.256072717976E-16 -0.154824432878E-02 -0.782898725883E-02 -0.204064785134E-02 -0.302940037715E-02  0.525757394343E-02
  0.154824432878E-02  0.134056877436E-16  0.167463252106E-01  0.165023298525E-02 -0.754760083914E-02  0.302395011007E-02
  0.782898725883E-02 -0.167463252106E-01  0.200282580361E-16 -0.753626467137E-02  0.113875432502E-01 -0.508864850082E-02
  0.204064785134E-02 -0.165023298525E-02  0.753626467137E-02  0.794708435099E-17  0.125851693445E-02 -0.346861695258E-02
  0.302940037715E-02  0.754760083914E-02 -0.113875432502E-01 -0.125851693445E-02  0.219146871497E-16  0.122366417746E-02
 -0.525757394343E-02 -0.302395011007E-02  0.508864850082E-02  0.346861695258E-02 -0.122366417746E-02  0.829514557375E-17
