 -0.218351956559E-16  0.699853824827E-02  0.975090918413E-02 -0.122306282470E-01 -0.120109660539E-02  0.112660170463E-01
 -0.699853824827E-02  0.905302373588E-16  0.564155766252E-02 -0.541154114095E-03 -0.455339444413E-02 -0.964926766583E-03
 -0.975090918413E-02 -0.564155766252E-02 -0.655645054665E-16  0.165532731839E-01 -0.172379742470E-01  0.114560349100E-01
  0.122306282470E-01  0.541154114095E-03 -0.165532731839E-01 -0.717862989400E-16  0.331563124905E-02 -0.296443043462E-02
  0.120109660539E-02  0.455339444413E-02  0.172379742470E-01 -0.331563124905E-02  0.131348973329E-16 -0.275606765930E-02
 -0.112660170463E-01  0.964926766583E-03 -0.114560349100E-01  0.296443043462E-02  0.275606765930E-02  0.223890295446E-17
