  0.757628704767E-17  0.130791521459E-01  0.704694277510E-02  0.569710934454E-02 -0.209991518328E-02  0.551104010949E-02
 -0.130791521459E-01  0.341787385609E-19  0.198234283237E-02 -0.567250575621E-02 -0.878373916461E-02  0.431238644473E-02
 -0.704694277510E-02 -0.198234283237E-02  0.106637664310E-16  0.122026232323E-01 -0.787089907329E-02  0.388648281565E-02
 -0.569710934454E-02  0.567250575621E-02 -0.122026232323E-01 -0.751932248340E-17  0.596827715086E-03  0.835863467392E-03
  0.209991518328E-02  0.878373916461E-02  0.787089907329E-02 -0.596827715086E-03 -0.112846801815E-16 -0.346338593892E-02
 -0.551104010949E-02 -0.431238644473E-02 -0.388648281565E-02 -0.835863467392E-03  0.346338593892E-02 -0.994743703533E-17
