  0.327942112467E-17  0.150969887801E-01  0.165935119285E-01 -0.153345751903E-01  0.596741354462E-02 -0.590590479221E-03
 -0.150969887801E-01 -0.959264126990E-17 -0.616739580725E-02 -0.895800930191E-02  0.896957000727E-02 -0.233208325203E-02
 -0.165935119285E-01  0.616739580725E-02 -0.769329829846E-17  0.958413034271E-02 -0.917668081116E-02  0.110667275224E-02
  0.153345751903E-01  0.895800930191E-02 -0.958413034271E-02  0.118878069127E-16  0.257964284312E-02  0.152124745128E-03
 -0.596741354462E-02 -0.896957000727E-02  0.917668081116E-02 -0.257964284312E-02 -0.280307075424E-17 -0.124206926787E-03
  0.590590479221E-03  0.233208325203E-02 -0.110667275224E-02 -0.152124745128E-03  0.124206926787E-03 -0.626827041666E-18
