  0.827436819363     -0.809970605505E-02 -0.427395804862E-01  0.942579765452E-02 -0.897584993605E-02  0.294041690291E-02
 -0.809970605505E-02  0.104231176778     -0.179012536687E-01  0.119170952583E-01 -0.549572161832E-02 -0.254402077043E-02
 -0.427395804862E-01 -0.179012536687E-01  0.544180761821E-01 -0.127779424597E-01 -0.726824763512E-02  0.338174468416E-02
  0.942579765452E-02  0.119170952583E-01 -0.127779424597E-01  0.105399436974E-01  0.661051359828E-03 -0.473180777505E-03
 -0.897584993605E-02 -0.549572161832E-02 -0.726824763512E-02  0.661051359828E-03  0.273533937555E-02 -0.793563468106E-03
  0.294041690291E-02 -0.254402077043E-02  0.338174468416E-02 -0.473180777505E-03 -0.793563468106E-03  0.638644603825E-03
