  0.440702077727     -0.160687130754     -0.463246217844E-01  0.498761520165E-02  0.276157100906E-01 -0.151249514424E-01
 -0.160687130754      0.298353909863     -0.790859332561E-01 -0.612594437577E-01  0.454364931595E-01 -0.108295857054E-01
 -0.463246217844E-01 -0.790859332561E-01  0.155230214886     -0.502507613793E-01 -0.342629803677E-01  0.321147279024E-01
  0.498761520165E-02 -0.612594437577E-01 -0.502507613793E-01  0.709442221873E-01 -0.166700397046E-01 -0.851245070496E-02
  0.276157100906E-01  0.454364931595E-01 -0.342629803677E-01 -0.166700397046E-01  0.263657239879E-01 -0.108106759300E-01
 -0.151249514424E-01 -0.108295857054E-01  0.321147279024E-01 -0.851245070496E-02 -0.108106759300E-01  0.840385134891E-02
