  0.972804861398E-17  0.194189194214E-01 -0.165809035158E-01  0.168238511137E-01 -0.436253691564E-02 -0.192404355535E-01
 -0.194189194214E-01  0.101851289123E-16  0.298780006704E-01 -0.124809325154E-01 -0.329251698796E-02  0.821861389380E-02
  0.165809035158E-01 -0.298780006704E-01  0.804633808231E-17 -0.892813955697E-02  0.434942264481E-02 -0.277940396627E-02
 -0.168238511137E-01  0.124809325154E-01  0.892813955697E-02 -0.397142410172E-17 -0.728938872313E-02  0.233971098570E-02
  0.436253691564E-02  0.329251698796E-02 -0.434942264481E-02  0.728938872313E-02 -0.703731176331E-17  0.763584396035E-03
  0.192404355535E-01 -0.821861389380E-02  0.277940396627E-02 -0.233971098570E-02 -0.763584396035E-03  0.506669198645E-19
