  0.448366821117E-16 -0.195522667109E-01  0.202136470949E-01  0.476123629477E-02  0.155156207511E-01 -0.522658225259E-02
  0.195522667109E-01  0.180317644434E-16  0.501187193475E-01 -0.184959080692E-01 -0.114191498482E-01 -0.302466242089E-02
 -0.202136470949E-01 -0.501187193475E-01  0.175157607783E-16 -0.246956597561E-02  0.291736318647E-02 -0.338828817796E-02
 -0.476123629477E-02  0.184959080692E-01  0.246956597561E-02  0.209456033223E-17 -0.106858638258E-02  0.248903195554E-02
 -0.155156207511E-01  0.114191498482E-01 -0.291736318647E-02  0.106858638258E-02 -0.276656510548E-17 -0.154441695613E-02
  0.522658225259E-02  0.302466242089E-02  0.338828817796E-02 -0.248903195554E-02  0.154441695613E-02 -0.298911214078E-17
