  0.466523845964     -0.171093930545     -0.701526779691E-01  0.344623265735E-01  0.131905935327E-01 -0.123118472618E-01
 -0.171093930545      0.272179896386     -0.101906183727     -0.104731982533E-02  0.127065623845E-01 -0.109435879410E-01
 -0.701526779691E-01 -0.101906183727      0.176430071812     -0.589351366389E-01 -0.256285527999E-01  0.287210961602E-01
  0.344623265735E-01 -0.104731982533E-02 -0.589351366389E-01  0.403830768312E-01 -0.812411622533E-02 -0.140285923450E-02
  0.131905935327E-01  0.127065623845E-01 -0.256285527999E-01 -0.812411622533E-02  0.295923182706E-01 -0.199480197428E-01
 -0.123118472618E-01 -0.109435879410E-01  0.287210961602E-01 -0.140285923450E-02 -0.199480197428E-01  0.148907907370E-01
