  0.831916772813     -0.205802154855      0.546326289827E-01 -0.240485085598E-01 -0.531141361205E-03 -0.288280286554E-02
 -0.205802154855      0.116087564826      0.139444691568E-01  0.192376013542E-03 -0.579792546576E-02  0.234708563813E-02
  0.546326289827E-01  0.139444691568E-01  0.363531494098E-01 -0.139451750737E-01 -0.365476099266E-02  0.176060412834E-02
 -0.240485085598E-01  0.192376013542E-03 -0.139451750737E-01  0.137067871658E-01 -0.161915900825E-02  0.773703844882E-03
 -0.531141361205E-03 -0.579792546576E-02 -0.365476099266E-02 -0.161915900825E-02  0.153090163837E-02 -0.686169149423E-03
 -0.288280286554E-02  0.234708563813E-02  0.176060412834E-02  0.773703844882E-03 -0.686169149423E-03  0.404824146917E-03
