  0.902400655233E-17  0.223937012656E-01 -0.315284808608E-02  0.162083588919E-01 -0.122263455258E-01  0.569448644461E-02
 -0.223937012656E-01  0.193173746402E-16 -0.263215024459E-01  0.211159607905E-01 -0.159647472796E-01  0.880086753342E-02
  0.315284808608E-02  0.263215024459E-01  0.233870246540E-17 -0.103303059501E-02 -0.722225289367E-02  0.209589404738E-02
 -0.162083588919E-01 -0.211159607905E-01  0.103303059501E-02  0.812391382717E-17  0.131940273095E-01 -0.948437838589E-02
  0.122263455258E-01  0.159647472796E-01  0.722225289367E-02 -0.131940273095E-01  0.160016484474E-17  0.518230698751E-02
 -0.569448644461E-02 -0.880086753342E-02 -0.209589404738E-02  0.948437838589E-02 -0.518230698751E-02  0.230600678948E-17
