  0.686459986487E-16  0.275770736917E-01 -0.147635857546E-01  0.395360392570E-02 -0.790168934270E-02  0.509112178241E-03
 -0.275770736917E-01 -0.600612890807E-16  0.814246575645E-02 -0.757423162349E-02  0.481722738528E-02  0.290564629375E-02
  0.147635857546E-01 -0.814246575645E-02 -0.197967045595E-16  0.340321479047E-02 -0.123714509194E-03 -0.203264551665E-02
 -0.395360392570E-02  0.757423162349E-02 -0.340321479047E-02 -0.899652220407E-17 -0.188061270100E-02  0.658028108877E-03
  0.790168934270E-02 -0.481722738528E-02  0.123714509194E-03  0.188061270100E-02 -0.367463582983E-17 -0.115238471058E-02
 -0.509112178241E-03 -0.290564629375E-02  0.203264551665E-02 -0.658028108877E-03  0.115238471058E-02 -0.117418572836E-17
