 -0.162296353083E-17  0.227325792544E-01 -0.261452719152E-02  0.113554514945E-01 -0.800452894772E-02 -0.367248762991E-02
 -0.227325792544E-01 -0.122580718576E-16  0.363221765859E-01 -0.234498249980E-01 -0.110776303293E-01  0.103807094098E-01
  0.261452719152E-02 -0.363221765859E-01 -0.275093938200E-16 -0.124622949661E-01  0.791456016647E-02 -0.704478880783E-03
 -0.113554514945E-01  0.234498249980E-01  0.124622949661E-01  0.139879371779E-16 -0.436768361695E-02  0.822600778578E-03
  0.800452894772E-02  0.110776303293E-01 -0.791456016647E-02  0.436768361695E-02  0.174930200928E-17 -0.856310965181E-03
  0.367248762991E-02 -0.103807094098E-01  0.704478880783E-03 -0.822600778578E-03  0.856310965181E-03  0.850304527021E-18
