 -0.708458747406E-17 -0.471447230148E-02  0.118257472613E-01  0.208902868231E-01 -0.615425313895E-02 -0.593455755697E-02
  0.471447230148E-02 -0.233112320320E-17  0.399333003317E-02  0.118248086929E-02 -0.957822377665E-02  0.412421630298E-02
 -0.118257472613E-01 -0.399333003317E-02 -0.644606242275E-17  0.847303763965E-02 -0.772252788672E-02  0.723324437247E-02
 -0.208902868231E-01 -0.118248086929E-02 -0.847303763965E-02 -0.859474989700E-17  0.616602900261E-02 -0.389880774516E-02
  0.615425313895E-02  0.957822377665E-02  0.772252788672E-02 -0.616602900261E-02 -0.160543441472E-16 -0.125443299684E-02
  0.593455755697E-02 -0.412421630298E-02 -0.723324437247E-02  0.389880774516E-02  0.125443299684E-02  0.516584503317E-17
