 -0.132387421922E-17 -0.332957794719E-01  0.404824626186E-01 -0.198238337842E-01 -0.246144688837E-03  0.108963529996E-01
  0.332957794719E-01 -0.826899354594E-18 -0.664386163932E-02 -0.125279809879E-01 -0.524798345051E-02  0.113889115576E-01
 -0.404824626186E-01  0.664386163932E-02  0.122280874255E-16  0.372965811778E-01 -0.148012284305E-02 -0.176613451464E-01
  0.198238337842E-01  0.125279809879E-01 -0.372965811778E-01  0.372188234755E-16 -0.312220091524E-02  0.282794772665E-02
  0.246144688837E-03  0.524798345051E-02  0.148012284305E-02  0.312220091524E-02 -0.187430520375E-16 -0.422250554090E-02
 -0.108963529996E-01 -0.113889115576E-01  0.176613451464E-01 -0.282794772665E-02  0.422250554090E-02  0.678224521142E-17
