  0.397226591142     -0.307564095049      0.550443369716E-01  0.221272383320E-02  0.109505602566E-02 -0.370548772089E-02
 -0.307564095049      0.488358910562     -0.890749785791E-01 -0.652683774760E-02  0.288476100779E-02  0.168646535054E-02
  0.550443369716E-01 -0.890749785791E-01  0.899560032004E-01 -0.302173484368E-01  0.423383423598E-02 -0.269946914398E-02
  0.221272383320E-02 -0.652683774760E-02 -0.302173484368E-01  0.227165870612E-01 -0.527266283954E-02  0.156129751017E-02
  0.109505602566E-02  0.288476100779E-02  0.423383423598E-02 -0.527266283954E-02  0.157843512579E-02 -0.408048039533E-03
 -0.370548772089E-02  0.168646535054E-02 -0.269946914398E-02  0.156129751017E-02 -0.408048039533E-03  0.163472908029E-03
