  0.108610540377E-16 -0.219206964248E-02  0.234757840044E-01  0.488976582521E-02 -0.861938403092E-02  0.574634567471E-02
  0.219206964248E-02 -0.156352243135E-16  0.190150950136E-01 -0.203663903286E-01 -0.115079196288E-01  0.169091147944E-01
 -0.234757840044E-01 -0.190150950136E-01  0.708425266737E-17 -0.788169448429E-02  0.793613500215E-02  0.152792458255E-02
 -0.488976582521E-02  0.203663903286E-01  0.788169448429E-02  0.255795789894E-16  0.813401004563E-02 -0.125850208157E-01
  0.861938403092E-02  0.115079196288E-01 -0.793613500215E-02 -0.813401004563E-02  0.214727658489E-16  0.472732132739E-02
 -0.574634567471E-02 -0.169091147944E-01 -0.152792458255E-02  0.125850208157E-01 -0.472732132739E-02 -0.846846870357E-17
