 -0.789661801593E-17  0.147289770237E-01  0.162760753792E-01 -0.815501138478E-02  0.344784278463E-03 -0.697637734807E-03
 -0.147289770237E-01  0.873515509005E-17 -0.147996586928E-01 -0.621373641409E-02 -0.334606590422E-04  0.104225218406E-01
 -0.162760753792E-01  0.147996586928E-01 -0.980152467248E-17  0.181497835480E-01 -0.677390749064E-02 -0.481820390992E-02
  0.815501138478E-02  0.621373641409E-02 -0.181497835480E-01 -0.130686995633E-16  0.341403980301E-02  0.155493467439E-03
 -0.344784278463E-03  0.334606590422E-04  0.677390749064E-02 -0.341403980301E-02 -0.968051819504E-18 -0.562569690017E-03
  0.697637734807E-03 -0.104225218406E-01  0.481820390992E-02 -0.155493467439E-03  0.562569690017E-03 -0.291124568180E-17
