  0.374362205625     -0.144116965034     -0.312093902502E-01  0.351712269060E-01  0.577094128471E-02 -0.138504055758E-01
 -0.144116965034      0.262697218038     -0.135422549554      0.169749418857E-02  0.250214783150E-01 -0.837439963100E-02
 -0.312093902502E-01 -0.135422549554      0.180743178495     -0.746843145701E-01 -0.466510087720E-02  0.150026296528E-01
  0.351712269060E-01  0.169749418857E-02 -0.746843145701E-01  0.984786925971E-01 -0.606848880428E-01  0.199855166992E-01
  0.577094128471E-02  0.250214783150E-01 -0.466510087720E-02 -0.606848880428E-01  0.664263208751E-01 -0.316100371020E-01
 -0.138504055758E-01 -0.837439963100E-02  0.150026296528E-01  0.199855166992E-01 -0.316100371020E-01  0.172923843703E-01
