  0.858939270679     -0.783240717388E-01 -0.257806443422E-01  0.135269980286E-01  0.155940376831E-02 -0.518392257710E-02
 -0.783240717388E-01  0.977226766545E-01  0.148647552756E-01 -0.265082138786E-02 -0.197108841982E-02  0.136196148715E-02
 -0.257806443422E-01  0.148647552756E-01  0.262594787937E-01 -0.350752152875E-02 -0.170893509691E-02  0.939909737065E-03
  0.135269980286E-01 -0.265082138786E-02 -0.350752152875E-02  0.160300952524E-01 -0.283447413632E-02  0.160249318779E-03
  0.155940376831E-02 -0.197108841982E-02 -0.170893509691E-02 -0.283447413632E-02  0.927910754170E-03 -0.848502091799E-04
 -0.518392257710E-02  0.136196148715E-02  0.939909737065E-03  0.160249318779E-03 -0.848502091799E-04  0.120567866099E-03
