  0.151209928498E-17  0.988012402567E-02  0.108954945441E-01 -0.111722280138E-01 -0.146116317916E-02  0.683987758578E-02
 -0.988012402567E-02 -0.261831928820E-17  0.703911029149E-02 -0.120006334486E-01  0.170549285831E-02  0.257165398204E-02
 -0.108954945441E-01 -0.703911029149E-02  0.780123854791E-16  0.142462613292E-01 -0.764841944395E-02  0.159436580738E-02
  0.111722280138E-01  0.120006334486E-01 -0.142462613292E-01 -0.221403168990E-16 -0.390910878444E-03  0.124356358133E-02
  0.146116317916E-02 -0.170549285831E-02  0.764841944395E-02  0.390910878444E-03  0.290004726025E-16 -0.194981813560E-02
 -0.683987758578E-02 -0.257165398204E-02 -0.159436580738E-02 -0.124356358133E-02  0.194981813560E-02  0.205095874563E-16
