  0.536047295787     -0.156140581620     -0.735327426581E-01  0.312995675249E-01  0.622325137448E-02 -0.216379959066E-01
 -0.156140581620      0.267114784757     -0.645555272271E-01 -0.497075824540E-01  0.350749761515E-01  0.898200002634E-02
 -0.735327426581E-01 -0.645555272271E-01  0.114999725793     -0.387863644873E-01 -0.237983949084E-01  0.207870965690E-01
  0.312995675249E-01 -0.497075824540E-01 -0.387863644873E-01  0.540413363790E-01 -0.765670142214E-02 -0.114459307352E-01
  0.622325137448E-02  0.350749761515E-01 -0.237983949084E-01 -0.765670142214E-02  0.175118140034E-01 -0.814264481813E-02
 -0.216379959066E-01  0.898200002634E-02  0.207870965690E-01 -0.114459307352E-01 -0.814264481813E-02  0.102850432807E-01
