  0.912900215513E-17 -0.663274115025E-02 -0.239243028123E-01 -0.472724508174E-02  0.264806258552E-01 -0.552649617075E-03
  0.663274115025E-02 -0.468948680887E-16  0.229511919032E-01  0.111640155398E-01 -0.539966126204E-02 -0.170954999603E-01
  0.239243028123E-01 -0.229511919032E-01  0.418861272611E-16 -0.120504136827E-02 -0.174052401676E-01  0.310750251223E-02
  0.472724508174E-02 -0.111640155398E-01  0.120504136827E-02  0.347844989771E-16 -0.188216946119E-02  0.653562564729E-02
 -0.264806258552E-01  0.539966126204E-02  0.174052401676E-01  0.188216946119E-02 -0.376010288759E-16 -0.616584448306E-02
  0.552649617075E-03  0.170954999603E-01 -0.310750251223E-02 -0.653562564729E-02  0.616584448306E-02 -0.664314404032E-17
