  0.427512517263     -0.341862480556      0.880495282904E-01 -0.132870417480E-01  0.462841512661E-03  0.260754890029E-02
 -0.341862480556      0.487083763827     -0.101276618438      0.100884154391E-01 -0.394721853393E-02 -0.127032092593E-02
  0.880495282904E-01 -0.101276618438      0.734527979304E-01 -0.215916768323E-01  0.239919112357E-02  0.991654782434E-03
 -0.132870417480E-01  0.100884154391E-01 -0.215916768323E-01  0.107332674154E-01 -0.242776816238E-02  0.179543607223E-03
  0.462841512661E-03 -0.394721853393E-02  0.239919112357E-02 -0.242776816238E-02  0.110582990739E-02 -0.241205018239E-03
  0.260754890029E-02 -0.127032092593E-02  0.991654782434E-03  0.179543607223E-03 -0.241205018239E-03  0.111823657107E-03
