  0.248094926379E-17  0.190603484043E-01 -0.299515272843E-02 -0.426487050617E-02  0.255051201688E-02 -0.214542958527E-03
 -0.190603484043E-01  0.993814321053E-17  0.156110873808E-01 -0.115704493501E-01 -0.710579794693E-03  0.152755967576E-02
  0.299515272843E-02 -0.156110873808E-01 -0.317860903790E-17 -0.395523803865E-02  0.308842320832E-02 -0.272926745286E-02
  0.426487050617E-02  0.115704493501E-01  0.395523803865E-02 -0.714563287641E-17 -0.250250785049E-02  0.200263507253E-02
 -0.255051201688E-02  0.710579794693E-03 -0.308842320832E-02  0.250250785049E-02  0.294408058455E-18 -0.579938946097E-03
  0.214542958527E-03 -0.152755967576E-02  0.272926745286E-02 -0.200263507253E-02  0.579938946097E-03  0.899363600181E-19
