  0.594400437682E-16  0.126470542387E-01  0.122341466433E-01 -0.127348106908E-02  0.117377901065E-02 -0.642832618239E-02
 -0.126470542387E-01  0.206316765969E-15  0.158944901397E-01 -0.230528768368E-01  0.129768168783E-01  0.280071652613E-02
 -0.122341466433E-01 -0.158944901397E-01 -0.474951291218E-16  0.490244178564E-02 -0.345929836747E-02 -0.159814964970E-02
  0.127348106908E-02  0.230528768368E-01 -0.490244178564E-02  0.101373783219E-15 -0.214453432439E-02  0.858847019378E-03
 -0.117377901065E-02 -0.129768168783E-01  0.345929836747E-02  0.214453432439E-02  0.228455868051E-16 -0.290132337804E-03
  0.642832618239E-02 -0.280071652613E-02  0.159814964970E-02 -0.858847019378E-03  0.290132337804E-03  0.104882435558E-17
