  0.193888893456E-16  0.366928469685E-01 -0.445373345750E-02  0.427345543627E-02  0.157083387148E-02  0.175952379225E-02
 -0.366928469685E-01  0.123806538702E-16  0.165813603110E-01 -0.551477480631E-02 -0.911997235461E-02  0.397752153482E-03
  0.445373345750E-02 -0.165813603110E-01  0.314153972498E-17 -0.381354276779E-02 -0.368485910622E-03 -0.279927253788E-03
 -0.427345543627E-02  0.551477480631E-02  0.381354276779E-02 -0.185986861019E-17 -0.116963261433E-02  0.279921167165E-03
 -0.157083387148E-02  0.911997235461E-02  0.368485910622E-03  0.116963261433E-02 -0.330536234868E-17 -0.100420417740E-03
 -0.175952379225E-02 -0.397752153482E-03  0.279927253788E-03 -0.279921167165E-03  0.100420417740E-03  0.236647840462E-18
