 -0.492524889520E-17  0.790252941489E-02  0.244999761451E-01 -0.632528772774E-02  0.173765711324E-01  0.321263948001E-02
 -0.790252941489E-02 -0.251237443644E-17  0.383584333577E-01 -0.455468775829E-01  0.114043626944E-01 -0.356819477438E-02
 -0.244999761451E-01 -0.383584333577E-01  0.756324205346E-16 -0.988898637520E-02  0.735498188672E-02 -0.565018374409E-02
  0.632528772774E-02  0.455468775829E-01  0.988898637520E-02  0.845749810286E-17 -0.937552619741E-02  0.568349615677E-02
 -0.173765711324E-01 -0.114043626944E-01 -0.735498188672E-02  0.937552619741E-02  0.287057435609E-16 -0.297740837643E-02
 -0.321263948001E-02  0.356819477438E-02  0.565018374409E-02 -0.568349615677E-02  0.297740837643E-02  0.356397454235E-17
