  0.561704133552     -0.844382265451E-01 -0.119447230169      0.485215202530E-01  0.324783666731E-02 -0.180009468323E-01
 -0.844382265451E-01  0.232594084376     -0.467094175718E-01 -0.764140046094E-01  0.279271594732E-01  0.164749981261E-01
 -0.119447230169     -0.467094175718E-01  0.139016447809     -0.243985805029E-01 -0.301957034454E-01  0.143855136088E-01
  0.485215202530E-01 -0.764140046094E-01 -0.243985805029E-01  0.410707555745E-01 -0.187893274032E-02 -0.127141675185E-01
  0.324783666731E-02  0.279271594732E-01 -0.301957034454E-01 -0.187893274032E-02  0.164432929206E-01 -0.570084693256E-02
 -0.180009468323E-01  0.164749981261E-01  0.143855136088E-01 -0.127141675185E-01 -0.570084693256E-02  0.917128576844E-02
