  0.587626775723E-16  0.423027191834E-02  0.430499708584E-03  0.122682830161E-01 -0.394770236054E-02 -0.115652192526E-03
 -0.423027191834E-02 -0.708031590819E-16  0.183405069013E-01 -0.296784967032E-01  0.876459061617E-02 -0.239578570580E-02
 -0.430499708584E-03 -0.183405069013E-01  0.887899226147E-16  0.102099245276E-01 -0.440582656126E-02  0.205248787538E-02
 -0.122682830161E-01  0.296784967032E-01 -0.102099245276E-01 -0.244951319164E-16  0.239077809790E-02 -0.531239947515E-03
  0.394770236054E-02 -0.876459061617E-02  0.440582656126E-02 -0.239077809790E-02  0.280057063778E-17  0.257112671978E-03
  0.115652192526E-03  0.239578570580E-02 -0.205248787538E-02  0.531239947515E-03 -0.257112671978E-03  0.327760445680E-17
