  0.913499859460E-17  0.482290503507E-02  0.128040827121E-01  0.155404858936E-01 -0.419002663135E-02 -0.523406454947E-02
 -0.482290503507E-02  0.642112304062E-17  0.183357490800E-01 -0.525990864511E-02 -0.630383714081E-02  0.138133737311E-02
 -0.128040827121E-01 -0.183357490800E-01  0.115962417393E-17  0.989604984317E-03 -0.684138267943E-02  0.645833365391E-02
 -0.155404858936E-01  0.525990864511E-02 -0.989604984317E-03 -0.138965574475E-16  0.344362390479E-02 -0.173587334700E-02
  0.419002663135E-02  0.630383714081E-02  0.684138267943E-02 -0.344362390479E-02 -0.319961608806E-17 -0.459795179815E-03
  0.523406454947E-02 -0.138133737311E-02 -0.645833365391E-02  0.173587334700E-02  0.459795179815E-03 -0.298765927157E-17
