  0.417195861967     -0.961242054970E-01 -0.922676249390E-01  0.327529176862E-01  0.354591757376E-01 -0.215365340076E-01
 -0.961242054970E-01  0.283410531519     -0.554439228164E-01 -0.997342901796E-01  0.374128171951E-01  0.878554487767E-02
 -0.922676249390E-01 -0.554439228164E-01  0.165061675900     -0.652975487426E-01 -0.418134207417E-01  0.430886792557E-01
  0.327529176862E-01 -0.997342901796E-01 -0.652975487426E-01  0.100219436882     -0.169922817247E-02 -0.320325313676E-01
  0.354591757376E-01  0.374128171951E-01 -0.418134207417E-01 -0.169922817247E-02  0.191460207327E-01 -0.852347119774E-02
 -0.215365340076E-01  0.878554487767E-02  0.430886792557E-01 -0.320325313676E-01 -0.852347119774E-02  0.149664729999E-01
