  0.308812800330E-16  0.165488118195E-02  0.444284214900E-01 -0.192275643419E-01 -0.420713186768E-02  0.767030094817E-02
 -0.165488118195E-02  0.167236745893E-16 -0.217185631625E-01 -0.916727093151E-02  0.824164129623E-02  0.411728099857E-02
 -0.444284214900E-01  0.217185631625E-01 -0.312477169309E-16  0.211078643323E-01 -0.213525662084E-01  0.502947326175E-02
  0.192275643419E-01  0.916727093151E-02 -0.211078643323E-01 -0.866913885868E-17  0.106429253128E-01 -0.379281332395E-02
  0.420713186768E-02 -0.824164129623E-02  0.213525662084E-01 -0.106429253128E-01  0.125508428253E-16 -0.619964091988E-03
 -0.767030094817E-02 -0.411728099857E-02 -0.502947326175E-02  0.379281332395E-02  0.619964091988E-03  0.511091022265E-17
