  0.463909332460     -0.171687037902     -0.447042922247E-01  0.170290210749E-01  0.169873140938E-01 -0.982381131146E-02
 -0.171687037902      0.289218791616     -0.805924288423E-01 -0.440357948611E-01  0.326296621824E-01 -0.477021423711E-02
 -0.447042922247E-01 -0.805924288423E-01  0.152250289818     -0.485957135458E-01 -0.299602192074E-01  0.238784660180E-01
  0.170290210749E-01 -0.440357948611E-01 -0.485957135458E-01  0.514109056056E-01 -0.102928030493E-01 -0.405209078776E-02
  0.169873140938E-01  0.326296621824E-01 -0.299602192074E-01 -0.102928030493E-01  0.304611754134E-01 -0.174109264641E-01
 -0.982381131146E-02 -0.477021423711E-02  0.238784660180E-01 -0.405209078776E-02 -0.174109264641E-01  0.127495050869E-01
