  0.500786569594     -0.790773509238E-01 -0.135832713145      0.326754237982E-01  0.299382250268E-02 -0.868080205048E-02
 -0.790773509238E-01  0.259201643512     -0.241048609432E-01 -0.590271508107E-01  0.329189622167E-01  0.180331963243E-01
 -0.135832713145     -0.241048609432E-01  0.157367970849     -0.306525693291E-01 -0.370750017507E-01  0.147240993288E-01
  0.326754237982E-01 -0.590271508107E-01 -0.306525693291E-01  0.477410005925E-01 -0.139401898754E-01 -0.690055296785E-02
  0.299382250268E-02  0.329189622167E-01 -0.370750017507E-01 -0.139401898754E-01  0.269813791238E-01 -0.713885327591E-02
 -0.868080205048E-02  0.180331963243E-01  0.147240993288E-01 -0.690055296785E-02 -0.713885327591E-02  0.792143632956E-02
