  0.722375395711     -0.253955434525E-01 -0.980578925071E-01  0.256211693956E-01  0.117173209237E-02  0.481802726520E-02
 -0.253955434525E-01  0.228627137500     -0.169091062107E-01 -0.506986467517E-02  0.144383168356E-02 -0.722436693343E-02
 -0.980578925071E-01 -0.169091062107E-01  0.298080091253E-01 -0.476804158169E-02 -0.609544779168E-02  0.189873784632E-02
  0.256211693956E-01 -0.506986467517E-02 -0.476804158169E-02  0.630428158579E-02  0.156014376523E-02 -0.234128084147E-02
  0.117173209237E-02  0.144383168356E-02 -0.609544779168E-02  0.156014376523E-02  0.442737049608E-02 -0.213968917732E-02
  0.481802726520E-02 -0.722436693343E-02  0.189873784632E-02 -0.234128084147E-02 -0.213968917732E-02  0.845780558149E-02
