 -0.260903859362E-16  0.631800574076E-02 -0.638324787959E-02  0.580087741247E-02 -0.439293624306E-02 -0.613641520702E-03
 -0.631800574076E-02 -0.201423983107E-17 -0.597447818040E-02 -0.115189728791E-02  0.296864825839E-02  0.121790644612E-02
  0.638324787959E-02  0.597447818040E-02  0.383443302803E-16  0.488384085665E-02 -0.290901097117E-02 -0.556728260987E-03
 -0.580087741247E-02  0.115189728791E-02 -0.488384085665E-02  0.206051592930E-16  0.225650475903E-03  0.263660844332E-03
  0.439293624306E-02 -0.296864825839E-02  0.290901097117E-02 -0.225650475903E-03 -0.475056563932E-18 -0.950011778089E-04
  0.613641520702E-03 -0.121790644612E-02  0.556728260987E-03 -0.263660844332E-03  0.950011778089E-04  0.335017486297E-19
