  0.396573524869E-17  0.105700032724E-01 -0.222946134214E-01  0.118455895473E-01 -0.938205486507E-02  0.461616860889E-02
 -0.105700032724E-01 -0.979142352044E-17  0.254763487378E-01 -0.244778724624E-02 -0.161988056449E-01  0.657813647323E-02
  0.222946134214E-01 -0.254763487378E-01  0.168833640997E-17 -0.100179555740E-01  0.841762211423E-02 -0.274497288771E-02
 -0.118455895473E-01  0.244778724624E-02  0.100179555740E-01 -0.408169241970E-17 -0.613758311625E-02  0.170846410816E-02
  0.938205486507E-02  0.161988056449E-01 -0.841762211423E-02  0.613758311625E-02  0.742125894491E-18 -0.240499985725E-03
 -0.461616860889E-02 -0.657813647323E-02  0.274497288771E-02 -0.170846410816E-02  0.240499985725E-03  0.252967815891E-18
