  0.522696522577E-17 -0.151208591932E-01 -0.186570525301E-03  0.403785193712E-02  0.150066287749E-01 -0.106670101608E-01
  0.151208591932E-01 -0.609600942679E-18  0.184297003630E-01  0.181681037567E-02 -0.207367089037E-01  0.706618312445E-02
  0.186570525301E-03 -0.184297003630E-01  0.616132381351E-17  0.231193484148E-02 -0.467913362219E-02  0.372288347954E-02
 -0.403785193712E-02 -0.181681037567E-02 -0.231193484148E-02 -0.150658518691E-16 -0.188539086984E-02  0.139173546563E-02
 -0.150066287749E-01  0.207367089037E-01  0.467913362219E-02  0.188539086984E-02 -0.667658175315E-18 -0.931912197037E-03
  0.106670101608E-01 -0.706618312445E-02 -0.372288347954E-02 -0.139173546563E-02  0.931912197037E-03 -0.234768934472E-17
