 -0.290940506125E-18  0.369736162498E-02 -0.844794756151E-03 -0.528114039829E-02 -0.128664031426E-02  0.546389065210E-02
 -0.369736162498E-02 -0.125365130555E-15  0.771663804681E-02 -0.961724897295E-02  0.634599198930E-02  0.500410798293E-02
  0.844794756151E-03 -0.771663804681E-02 -0.683143422175E-17  0.548382566846E-02 -0.285183807292E-02 -0.481848057118E-02
  0.528114039829E-02  0.961724897295E-02 -0.548382566846E-02  0.723648386145E-16 -0.169541521265E-02  0.139356207621E-02
  0.128664031426E-02 -0.634599198930E-02  0.285183807292E-02  0.169541521265E-02 -0.548630668694E-17 -0.934046842882E-03
 -0.546389065210E-02 -0.500410798293E-02  0.481848057118E-02 -0.139356207621E-02  0.934046842882E-03  0.466304778116E-17
