  0.474782671447     -0.347859534123      0.582194079279E-01 -0.597163899010E-02  0.281062497620E-02 -0.880622349071E-03
 -0.347859534123      0.430697907229     -0.830734820666E-01  0.103935794705E-01 -0.507169111223E-02 -0.145021707304E-03
  0.582194079279E-01 -0.830734820666E-01  0.803742519967E-01 -0.253730756316E-01  0.224328636551E-02  0.103857729027E-02
 -0.597163899010E-02  0.103935794705E-01 -0.253730756316E-01  0.129356853856E-01 -0.261709136238E-02  0.702093579651E-04
  0.281062497620E-02 -0.507169111223E-02  0.224328636551E-02 -0.261709136238E-02  0.112071679215E-02 -0.185889565415E-03
 -0.880622349071E-03 -0.145021707304E-03  0.103857729027E-02  0.702093579651E-04 -0.185889565415E-03  0.887671487775E-04
