 -0.674185185679E-17  0.119368124365E-01  0.119181387659E-01  0.995318485280E-03 -0.523892233209E-02  0.442293647595E-02
 -0.119368124365E-01 -0.890128825128E-17 -0.131177039176E-01 -0.399569193716E-02 -0.525120299856E-02  0.428105545104E-02
 -0.119181387659E-01  0.131177039176E-01 -0.133384863222E-17  0.990723773949E-02 -0.250324989739E-02  0.524255707909E-03
 -0.995318485280E-03  0.399569193716E-02 -0.990723773949E-02  0.344219001862E-17  0.749226324267E-02 -0.644751710863E-02
  0.523892233209E-02  0.525120299856E-02  0.250324989739E-02 -0.749226324267E-02  0.834731079516E-17  0.293833208748E-02
 -0.442293647595E-02 -0.428105545104E-02 -0.524255707909E-03  0.644751710863E-02 -0.293833208748E-02  0.460392914991E-17
