  0.366185798405     -0.737787706039E-01 -0.712365939904E-01  0.447747011276E-01 -0.170259282371E-01 -0.135569010288E-02
 -0.737787706039E-01  0.305339958789     -0.197811202754      0.798412508851E-01 -0.273194907070E-01  0.796821123650E-02
 -0.712365939904E-01 -0.197811202754      0.251342878901     -0.108734938068      0.186860187752E-01  0.544238569167E-03
  0.447747011276E-01  0.798412508851E-01 -0.108734938068      0.555656112451E-01 -0.139640963883E-01  0.404098897259E-02
 -0.170259282371E-01 -0.273194907070E-01  0.186860187752E-01 -0.139640963883E-01  0.151477530614E-01 -0.879222306875E-02
 -0.135569010288E-02  0.796821123650E-02  0.544238569167E-03  0.404098897259E-02 -0.879222306875E-02  0.641799959740E-02
