 -0.385816585983E-16  0.117673297947E-01 -0.114107707776E-01 -0.304332634676E-02  0.602325832398E-02 -0.266632992736E-03
 -0.117673297947E-01 -0.776287370782E-16 -0.308644668200E-01  0.173612946186E-01 -0.337220921904E-02 -0.156183586031E-03
  0.114107707776E-01  0.308644668200E-01 -0.147374097378E-16 -0.643541960991E-02  0.799744364110E-03  0.708806325279E-04
  0.304332634676E-02 -0.173612946186E-01  0.643541960991E-02 -0.129500178452E-16 -0.333008283333E-04  0.882507347821E-05
 -0.602325832398E-02  0.337220921904E-02 -0.799744364110E-03  0.333008283333E-04 -0.340331625565E-18 -0.229871887058E-05
  0.266632992736E-03  0.156183586031E-03 -0.708806325279E-04 -0.882507347821E-05  0.229871887058E-05 -0.108583945261E-19
