  0.714054540546E-17 -0.265750478481E-02 -0.727625307054E-02  0.864920892962E-02 -0.810122746396E-02 -0.157485823883E-02
  0.265750478481E-02 -0.122586241932E-16  0.447765485541E-01 -0.115515983802E-01 -0.204302477870E-01  0.508698035251E-02
  0.727625307054E-02 -0.447765485541E-01 -0.212794673612E-16 -0.779239112858E-02  0.903593156141E-02 -0.140377127071E-02
 -0.864920892962E-02  0.115515983802E-01  0.779239112858E-02  0.768170427370E-17 -0.449544635880E-02  0.100184824665E-02
  0.810122746396E-02  0.204302477870E-01 -0.903593156141E-02  0.449544635880E-02 -0.221966857819E-17 -0.277448381959E-03
  0.157485823883E-02 -0.508698035251E-02  0.140377127071E-02 -0.100184824665E-02  0.277448381959E-03  0.888197056646E-19
