 -0.167121694185E-16 -0.274675627671E-03 -0.612728106795E-02 -0.352301044613E-01  0.372407281242E-01 -0.159954685767E-02
  0.274675627671E-03 -0.197631947761E-16 -0.611640587514E-02 -0.158879063977E-02  0.204005988732E-01 -0.188065053365E-01
  0.612728106795E-02  0.611640587514E-02 -0.105169994374E-16  0.190092973617E-01 -0.688481562710E-02 -0.255718882297E-02
  0.352301044613E-01  0.158879063977E-02 -0.190092973617E-01 -0.499557473275E-17  0.414126712094E-03 -0.150398803221E-02
 -0.372407281242E-01 -0.204005988732E-01  0.688481562710E-02 -0.414126712094E-03 -0.701133295825E-18  0.117070069844E-02
  0.159954685767E-02  0.188065053365E-01  0.255718882297E-02  0.150398803221E-02 -0.117070069844E-02 -0.238618118745E-17
