  0.484930951148     -0.995894390581E-01 -0.108407432563      0.607378953837E-01 -0.168796647474E-01  0.578074011158E-02
 -0.995894390581E-01  0.208161248059     -0.118333719736      0.363568795046E-01 -0.718953708149E-02 -0.364203192331E-02
 -0.108407432563     -0.118333719736      0.211705443799     -0.945680904010E-01  0.824068398008E-02  0.954034243906E-02
  0.607378953837E-01  0.363568795046E-01 -0.945680904010E-01  0.633505917002E-01 -0.236548867270E-01  0.300006134957E-02
 -0.168796647474E-01 -0.718953708149E-02  0.824068398008E-02 -0.236548867270E-01  0.259931240969E-01 -0.105181044246E-01
  0.578074011158E-02 -0.364203192331E-02  0.954034243906E-02  0.300006134957E-02 -0.105181044246E-01  0.585864119648E-02
