  0.753279177723      0.656988557367E-02 -0.717991972377E-01  0.122954183994E-01  0.624438443920E-02  0.160302325507E-01
  0.656988557367E-02  0.204124204763     -0.392570798247E-01  0.264879477084E-02 -0.702251957452E-02 -0.142629943186E-02
 -0.717991972377E-01 -0.392570798247E-01  0.237228255220E-01 -0.587532804700E-02 -0.384303885988E-02  0.459204382741E-02
  0.122954183994E-01  0.264879477084E-02 -0.587532804700E-02  0.854226309647E-02  0.407228769017E-03 -0.165978919622E-02
  0.624438443920E-02 -0.702251957452E-02 -0.384303885988E-02  0.407228769017E-03  0.304446820781E-02 -0.298156883121E-02
  0.160302325507E-01 -0.142629943186E-02  0.459204382741E-02 -0.165978919622E-02 -0.298156883121E-02  0.728706068796E-02
