  0.592093511882E-16 -0.151033592271E-01  0.242580673734E-01 -0.807044483762E-02 -0.100129912405E-01  0.535791919320E-02
  0.151033592271E-01  0.557636081510E-17 -0.586612464263E-02 -0.149160405883E-02  0.116095126113E-01 -0.622788488508E-03
 -0.242580673734E-01  0.586612464263E-02  0.271524551327E-16  0.188410828668E-02 -0.316776481926E-02 -0.970042447977E-02
  0.807044483762E-02  0.149160405883E-02 -0.188410828668E-02 -0.187448421220E-16  0.363810525564E-02  0.210912580785E-02
  0.100129912405E-01 -0.116095126113E-01  0.316776481926E-02 -0.363810525564E-02  0.364789329532E-16  0.426520012600E-02
 -0.535791919320E-02  0.622788488508E-03  0.970042447977E-02 -0.210912580785E-02 -0.426520012600E-02  0.271352264175E-17
