  0.303894094279     -0.143553707011     -0.858518038849E-02  0.399108508028E-01 -0.168684485751E-01  0.288287676326E-02
 -0.143553707011      0.302517907191     -0.164038815687     -0.144034825436E-01  0.420102403489E-01 -0.152081483657E-01
 -0.858518038849E-02 -0.164038815687      0.201862078679     -0.829385276076E-01  0.165187490698E-01 -0.340271489537E-02
  0.399108508028E-01 -0.144034825436E-01 -0.829385276076E-01  0.109693213279     -0.728870228529E-01  0.313431070979E-01
 -0.168684485751E-01  0.420102403489E-01  0.165187490698E-01 -0.728870228529E-01  0.651894400889E-01 -0.317677437359E-01
  0.288287676326E-02 -0.152081483657E-01 -0.340271489537E-02  0.313431070979E-01 -0.317677437359E-01  0.168432664829E-01
