  0.779424314459E-19 -0.210279839561E-01 -0.183985399449E-04 -0.401191860590E-02  0.454780352950E-04  0.233001924101E-02
  0.210279839561E-01  0.464473264943E-19 -0.308108941755E-03  0.272311252025E-03 -0.110419929888E-03 -0.125827420061E-03
  0.183985399449E-04  0.308108941755E-03 -0.719774494475E-20 -0.670329601635E-04  0.373052967845E-05  0.341302187335E-04
  0.401191860590E-02 -0.272311252025E-03  0.670329601635E-04 -0.159066186624E-20 -0.309583199668E-04  0.977669329147E-05
 -0.454780352950E-04  0.110419929888E-03 -0.373052967845E-05  0.309583199668E-04  0.305705327418E-21 -0.178369065236E-04
 -0.233001924101E-02  0.125827420061E-03 -0.341302187335E-04 -0.977669329147E-05  0.178369065236E-04  0.616381473169E-21
