  0.573156206550E-17  0.308268111292E-01 -0.189412359455E-01 -0.437624857289E-02  0.807098942297E-02 -0.109153787844E-02
 -0.308268111292E-01 -0.262451858548E-16  0.122514632814E-01 -0.147584406061E-01  0.285345178475E-02 -0.594757400902E-03
  0.189412359455E-01 -0.122514632814E-01 -0.162367942811E-16 -0.757649320848E-02  0.484674314170E-02 -0.189509175946E-02
  0.437624857289E-02  0.147584406061E-01  0.757649320848E-02  0.125346999221E-16 -0.193846619155E-02  0.966635518521E-03
 -0.807098942297E-02 -0.285345178475E-02 -0.484674314170E-02  0.193846619155E-02  0.990523398281E-18 -0.187709849850E-03
  0.109153787844E-02  0.594757400902E-03  0.189509175946E-02 -0.966635518521E-03  0.187709849850E-03  0.909978816440E-19
