  0.461087648544     -0.133337466197     -0.642557414093E-01 -0.451463068894E-02  0.223418943906E-01 -0.192372189162E-01
 -0.133337466197      0.246305572805     -0.218037202761E-01 -0.268200162205E-01  0.148854100012E-01 -0.611817579665E-02
 -0.642557414093E-01 -0.218037202761E-01  0.167004487356     -0.712894586514E-01 -0.373398943078E-01  0.447422605210E-01
 -0.451463068894E-02 -0.268200162205E-01 -0.712894586514E-01  0.686569460408E-01 -0.675726954700E-02 -0.149180965379E-01
  0.223418943906E-01  0.148854100012E-01 -0.373398943078E-01 -0.675726954700E-02  0.365740628258E-01 -0.217868714686E-01
 -0.192372189162E-01 -0.611817579665E-02  0.447422605210E-01 -0.149180965379E-01 -0.217868714686E-01  0.203712824284E-01
