  0.270437434065     -0.110826242888     -0.388776711406E-01  0.407484759218E-01 -0.171902236133E-01  0.356083090583E-02
 -0.110826242888      0.247729594002     -0.203444998874      0.891197649002E-01 -0.310540433825E-01  0.946676940347E-02
 -0.388776711406E-01 -0.203444998874      0.316072041674     -0.168711260415      0.474340215982E-01 -0.746769954990E-02
  0.407484759218E-01  0.891197649002E-01 -0.168711260415      0.119578384492     -0.518914741970E-01  0.139636218855E-01
 -0.171902236133E-01 -0.310540433825E-01  0.474340215982E-01 -0.518914741970E-01  0.383357846926E-01 -0.154782472000E-01
  0.356083090583E-02  0.946676940347E-02 -0.746769954990E-02  0.139636218855E-01 -0.154782472000E-01  0.784676107418E-02
