 -0.291895709317E-17  0.194263468744E-01 -0.452337769859E-01 -0.161370818361E-02 -0.159323672460E-02 -0.165022288733E-02
 -0.194263468744E-01 -0.281992104894E-16 -0.390471008647E-01  0.363912277330E-01  0.261476645432E-02 -0.141685004604E-01
  0.452337769859E-01  0.390471008647E-01 -0.163670094153E-16  0.211045160907E-02 -0.371814457548E-02  0.129900355355E-02
  0.161370818361E-02 -0.363912277330E-01 -0.211045160907E-02 -0.489967797782E-17  0.824178948606E-02 -0.267905743908E-02
  0.159323672460E-02 -0.261476645432E-02  0.371814457548E-02 -0.824178948606E-02 -0.873080916261E-17  0.315584576191E-02
  0.165022288733E-02  0.141685004604E-01 -0.129900355355E-02  0.267905743908E-02 -0.315584576191E-02 -0.429862040674E-17
