  0.545721844028     -0.667317553943E-01 -0.234586492334E-01  0.698954053848E-02  0.176863701352E-02 -0.194831906824E-02
 -0.667317553943E-01  0.389195898259     -0.957223237638E-01  0.152350093488E-01 -0.152460596924E-02  0.193548442998E-02
 -0.234586492334E-01 -0.957223237638E-01  0.537218001065E-01 -0.145187642393E-01 -0.466741976118E-02  0.171885086302E-02
  0.698954053848E-02  0.152350093488E-01 -0.145187642393E-01  0.977400596223E-02  0.414669126708E-03 -0.751178630134E-03
  0.176863701352E-02 -0.152460596924E-02 -0.466741976118E-02  0.414669126708E-03  0.139974326799E-02 -0.423590271461E-03
 -0.194831906824E-02  0.193548442998E-02  0.171885086302E-02 -0.751178630134E-03 -0.423590271461E-03  0.186708377114E-03
