  0.569584589141     -0.741898448399E-02 -0.597117772301E-01  0.239286326319E-01  0.114494528395E-02  0.321170375115E-02
 -0.741898448399E-02  0.332943722328     -0.107382804086      0.136722815905E-01 -0.666801393887E-02  0.106450863568E-02
 -0.597117772301E-01 -0.107382804086      0.826092197787E-01 -0.170131097414E-01 -0.591631271475E-02  0.161747069933E-02
  0.239286326319E-01  0.136722815905E-01 -0.170131097414E-01  0.124022132070E-01  0.160146667393E-03 -0.993675121143E-03
  0.114494528395E-02 -0.666801393887E-02 -0.591631271475E-02  0.160146667393E-03  0.212019016184E-02 -0.504551222608E-03
  0.321170375115E-02  0.106450863568E-02  0.161747069933E-02 -0.993675121143E-03 -0.504551222608E-03  0.340065383024E-03
