  0.959075430513     -0.124861552312      0.226478930397E-02 -0.237827964750E-02  0.264387430868E-02 -0.489851849284E-03
 -0.124861552312      0.202834649767E-01  0.926269510185E-03 -0.349198141261E-02  0.458465725919E-03 -0.149619606244E-03
  0.226478930397E-02  0.926269510185E-03  0.163392334789E-01 -0.248643489157E-02 -0.104855995874E-02  0.374810584815E-03
 -0.237827964750E-02 -0.349198141261E-02 -0.248643489157E-02  0.398895624833E-02 -0.723985642262E-03  0.173432878372E-03
  0.264387430868E-02  0.458465725919E-03 -0.104855995874E-02 -0.723985642262E-03  0.288998180236E-03 -0.814939048927E-04
 -0.489851849284E-03 -0.149619606244E-03  0.374810584815E-03  0.173432878372E-03 -0.814939048927E-04  0.239166028368E-04
