  0.466236594339     -0.913358932003E-01 -0.505116872875E-01  0.205120121695E-01 -0.247338002661E-02  0.468043930261E-02
 -0.913358932003E-01  0.303936901975     -0.348456966587E-01 -0.928111599642E-01  0.454006015171E-01 -0.766064445165E-02
 -0.505116872875E-01 -0.348456966587E-01  0.111511297634     -0.327412647978E-01 -0.925407831308E-02  0.669196966775E-02
  0.205120121695E-01 -0.928111599642E-01 -0.327412647978E-01  0.861862967399E-01 -0.419801368213E-01  0.578746729623E-02
 -0.247338002661E-02  0.454006015171E-01 -0.925407831308E-02 -0.419801368213E-01  0.298913208635E-01 -0.652122311803E-02
  0.468043930261E-02 -0.766064445165E-02  0.669196966775E-02  0.578746729623E-02 -0.652122311803E-02  0.223758844830E-02
