  0.445707460465     -0.159743072384     -0.441841293300E-01  0.258263560268E-03  0.302426580767E-01 -0.565548865871E-02
 -0.159743072384      0.280358887346     -0.945727937992E-01 -0.437059042324E-01  0.323546788920E-01 -0.443079014313E-02
 -0.441841293300E-01 -0.945727937992E-01  0.157359886000     -0.410597808874E-01 -0.342403367301E-01  0.273024054537E-01
  0.258263560268E-03 -0.437059042324E-01 -0.410597808874E-01  0.702997011184E-01 -0.251387483462E-01 -0.779554531586E-02
  0.302426580767E-01  0.323546788920E-01 -0.342403367301E-01 -0.251387483462E-01  0.367603130818E-01 -0.117681868302E-01
 -0.565548865871E-02 -0.443079014313E-02  0.273024054537E-01 -0.779554531586E-02 -0.117681868302E-01  0.951375198988E-02
