  0.662657552385     -0.262290652758     -0.148440324780E-01  0.516454798944E-02 -0.760880092582E-02 -0.605654818549E-02
 -0.262290652758      0.284663631065     -0.617761817666E-01  0.166775202292E-01 -0.136648280620E-02  0.211840055246E-02
 -0.148440324780E-01 -0.617761817666E-01  0.413310347179E-01 -0.149831977598E-01 -0.109582789220E-02  0.167795071542E-02
  0.516454798944E-02  0.166775202292E-01 -0.149831977598E-01  0.963210591552E-02 -0.118245546725E-03 -0.956599208801E-03
 -0.760880092582E-02 -0.136648280620E-02 -0.109582789220E-02 -0.118245546725E-03  0.118547320915E-02  0.637533467236E-04
 -0.605654818549E-02  0.211840055246E-02  0.167795071542E-02 -0.956599208801E-03  0.637533467236E-04  0.530202707491E-03
