  0.477091530265     -0.888052879349E-01 -0.727112001160E-01  0.509238312597E-01 -0.263006438155E-01  0.974918629285E-02
 -0.888052879349E-01  0.282901097825     -0.355593935679E-02 -0.634088958387E-01  0.161637746137E-01  0.599922540872E-03
 -0.727112001160E-01 -0.355593935679E-02  0.135427859871     -0.611819494553E-01 -0.824754002091E-02  0.918336585376E-02
  0.509238312597E-01 -0.634088958387E-01 -0.611819494553E-01  0.774597642720E-01 -0.268683917947E-01  0.183611357079E-02
 -0.263006438155E-01  0.161637746137E-01 -0.824754002091E-02 -0.268683917947E-01  0.244270446339E-01 -0.668613672019E-02
  0.974918629285E-02  0.599922540872E-03  0.918336585376E-02  0.183611357079E-02 -0.668613672019E-02  0.269270313317E-02
