  0.576266792113     -0.764106082198E-01 -0.104545134288      0.244566621357E-01  0.274970918637E-01 -0.141336617363E-01
 -0.764106082198E-01  0.301200826802     -0.302114035488E-01 -0.477746391582E-01  0.260743031971E-01 -0.777923144748E-02
 -0.104545134288     -0.302114035488E-01  0.810943385685E-01 -0.193318807725E-01 -0.142921907998E-01  0.456419137011E-02
  0.244566621357E-01 -0.477746391582E-01 -0.193318807725E-01  0.240327535115E-01 -0.583972720601E-02  0.595508916407E-03
  0.274970918637E-01  0.260743031971E-01 -0.142921907998E-01 -0.583972720601E-02  0.139198903130E-01 -0.585678812856E-02
 -0.141336617363E-01 -0.777923144748E-02  0.456419137011E-02  0.595508916407E-03 -0.585678812856E-02  0.348539869127E-02
