  0.447953127074E-17  0.214578340102E-01 -0.657430950604E-02 -0.419210622490E-02 -0.726813088520E-02  0.995401569442E-02
 -0.214578340102E-01 -0.255734516522E-16  0.322077498355E-01 -0.126424568647E-01 -0.145376536551E-01  0.972608474452E-02
  0.657430950604E-02 -0.322077498355E-01  0.559309327743E-17 -0.489264483244E-02  0.603386124434E-02 -0.670296251099E-03
  0.419210622490E-02  0.126424568647E-01  0.489264483244E-02  0.151259755302E-17 -0.244770219245E-02  0.223716255556E-02
  0.726813088520E-02  0.145376536551E-01 -0.603386124434E-02  0.244770219245E-02  0.228098831578E-18 -0.854320432981E-03
 -0.995401569442E-02 -0.972608474452E-02  0.670296251099E-03 -0.223716255556E-02  0.854320432981E-03  0.125756657024E-17
