 -0.309836568189E-16 -0.327241922965E-02  0.140058684396E-01 -0.125438850250E-01  0.158664097567E-01 -0.597938411886E-02
  0.327241922965E-02  0.193223754601E-16  0.451156990110E-01 -0.359126409158E-01  0.657876686567E-02  0.320378705458E-02
 -0.140058684396E-01 -0.451156990110E-01  0.820916246218E-18 -0.126586495666E-01  0.842389592680E-02 -0.254872690479E-02
  0.125438850250E-01  0.359126409158E-01  0.126586495666E-01  0.274461246712E-16 -0.913383338544E-02  0.400112290538E-02
 -0.158664097567E-01 -0.657876686567E-02 -0.842389592680E-02  0.913383338544E-02  0.146910791809E-16 -0.155489176044E-02
  0.597938411886E-02 -0.320378705458E-02  0.254872690479E-02 -0.400112290538E-02  0.155489176044E-02  0.984624977400E-19
