 -0.355320436859E-17 -0.101888766991E-01  0.710387946720E-02 -0.852236614629E-03 -0.811004646254E-02  0.863753217813E-02
  0.101888766991E-01 -0.181552773777E-16 -0.162199816235E-01 -0.404172034471E-02 -0.328038990343E-02 -0.983086142422E-03
 -0.710387946720E-02  0.162199816235E-01  0.857788020925E-17  0.194131339982E-02  0.136378832573E-02 -0.656954463707E-02
  0.852236614629E-03  0.404172034471E-02 -0.194131339982E-02 -0.105056219052E-16  0.734237541713E-02  0.236120209402E-02
  0.811004646254E-02  0.328038990343E-02 -0.136378832573E-02 -0.734237541713E-02  0.784784785102E-17  0.242888765975E-02
 -0.863753217813E-02  0.983086142422E-03  0.656954463707E-02 -0.236120209402E-02 -0.242888765975E-02 -0.130143952144E-17
