  0.941503553927E-17  0.144824467163E-01  0.496159462405E-02  0.325143305530E-02 -0.126108548234E-01 -0.356703532578E-02
 -0.144824467163E-01  0.217150452713E-16  0.259794549215E-01 -0.206472777923E-01 -0.936054227574E-02  0.122373540472E-02
 -0.496159462405E-02 -0.259794549215E-01 -0.391933245499E-17 -0.423621834044E-02  0.624353316668E-02  0.196565437604E-03
 -0.325143305530E-02  0.206472777923E-01  0.423621834044E-02 -0.796391079560E-17 -0.550912910344E-02  0.112386291846E-02
  0.126108548234E-01  0.936054227574E-02 -0.624353316668E-02  0.550912910344E-02 -0.837851786522E-18 -0.556514501277E-03
  0.356703532578E-02 -0.122373540472E-02 -0.196565437604E-03 -0.112386291846E-02  0.556514501277E-03  0.156793542686E-18
