  0.438148580299     -0.118904899587     -0.538091940599E-01 -0.849077553222E-02  0.189783692592E-01 -0.813368400776E-02
 -0.118904899587      0.279392676367     -0.700340008461E-01 -0.522228671669E-01  0.501405707447E-01 -0.159663227902E-01
 -0.538091940599E-01 -0.700340008461E-01  0.147921968476     -0.343230486166E-01 -0.369389986467E-01  0.269835024771E-01
 -0.849077553222E-02 -0.522228671669E-01 -0.343230486166E-01  0.588143515996E-01 -0.302439976020E-01  0.776366409361E-02
  0.189783692592E-01  0.501405707447E-01 -0.369389986467E-01 -0.302439976020E-01  0.547412667270E-01 -0.311570241674E-01
 -0.813368400776E-02 -0.159663227902E-01  0.269835024771E-01  0.776366409361E-02 -0.311570241674E-01  0.209811565310E-01
