  0.541361964158E-16  0.855764202461E-01 -0.197125349323E-01  0.342422640490E-02 -0.564736970339E-02 -0.134832907981E-02
 -0.855764202461E-01  0.454772069025E-17  0.229731971196E-01 -0.132893697673E-01 -0.391608996181E-02  0.457973483535E-02
  0.197125349323E-01 -0.229731971196E-01 -0.148372081667E-16 -0.189879053023E-02  0.374313325379E-02 -0.125700989805E-02
 -0.342422640490E-02  0.132893697673E-01  0.189879053023E-02 -0.140429735343E-16 -0.158747658714E-02  0.407643275324E-03
  0.564736970339E-02  0.391608996181E-02 -0.374313325379E-02  0.158747658714E-02 -0.900922866598E-18 -0.252651456332E-03
  0.134832907981E-02 -0.457973483535E-02  0.125700989805E-02 -0.407643275324E-03  0.252651456332E-03  0.454974130074E-19
