  0.268045615275     -0.176874633314      0.712156428977E-01 -0.459084851602E-01  0.243965954301E-01  0.152120300042E-02
 -0.176874633314      0.425293452075     -0.271371947724      0.854121687444E-01 -0.101223465295E-01 -0.305561333992E-02
  0.712156428977E-01 -0.271371947724      0.221486097828     -0.944823737005E-01  0.214933879573E-01 -0.290122238949E-02
 -0.459084851602E-01  0.854121687444E-01 -0.944823737005E-01  0.655480570128E-01 -0.260722418284E-01  0.347504793357E-02
  0.243965954301E-01 -0.101223465295E-01  0.214933879573E-01 -0.260722418284E-01  0.174447385704E-01 -0.314463212462E-02
  0.152120300042E-02 -0.305561333992E-02 -0.290122238949E-02  0.347504793357E-02 -0.314463212462E-02  0.218203923849E-02
