 -0.701792195571E-16 -0.651357555256E-02 -0.183405317269E-01  0.854163088775E-02 -0.327474786338E-02  0.376057484833E-02
  0.651357555256E-02 -0.524018965212E-16  0.253645884895E-01 -0.801540004635E-02 -0.175310003407E-02 -0.121252992519E-03
  0.183405317269E-01 -0.253645884895E-01  0.705837608022E-17 -0.494188353310E-02  0.458849440083E-02 -0.892573447529E-03
 -0.854163088775E-02  0.801540004635E-02  0.494188353310E-02  0.600855432145E-17 -0.128093437346E-02  0.764962362219E-04
  0.327474786338E-02  0.175310003407E-02 -0.458849440083E-02  0.128093437346E-02  0.154495046060E-17  0.701286021033E-04
 -0.376057484833E-02  0.121252992519E-03  0.892573447529E-03 -0.764962362219E-04 -0.701286021033E-04  0.157190178013E-18
