 -0.131314578185E-16  0.249007695973E-01 -0.382967945151E-01  0.530769386367E-01 -0.394337618828E-01  0.136057343848E-01
 -0.249007695973E-01  0.229857407222E-16 -0.902991513266E-02  0.213774314003E-01 -0.178810277034E-01  0.956704736916E-02
  0.382967945151E-01  0.902991513266E-02 -0.167841423590E-16 -0.681694702927E-02 -0.342489007217E-04  0.158199415166E-02
 -0.530769386367E-01 -0.213774314003E-01  0.681694702927E-02 -0.760122514971E-17  0.405113553624E-02 -0.252403516094E-02
  0.394337618828E-01  0.178810277034E-01  0.342489007217E-04 -0.405113553624E-02  0.159477800110E-16 -0.116472191165E-03
 -0.136057343848E-01 -0.956704736916E-02 -0.158199415166E-02  0.252403516094E-02  0.116472191165E-03  0.210370733466E-17
