  0.511103551254     -0.134921044072     -0.101295618928      0.421590418914E-01  0.879857517601E-02 -0.123407513400E-02
 -0.134921044072      0.259692743753     -0.551346086723E-01 -0.579412988304E-01  0.400054029795E-01 -0.471071352990E-02
 -0.101295618928     -0.551346086723E-01  0.137656029088     -0.427044128578E-01 -0.380474986615E-01  0.256082855589E-01
  0.421590418914E-01 -0.579412988304E-01 -0.427044128578E-01  0.535037101203E-01 -0.496833554854E-02 -0.981919781092E-02
  0.879857517601E-02  0.400054029795E-01 -0.380474986615E-01 -0.496833554854E-02  0.279131876728E-01 -0.132250663270E-01
 -0.123407513400E-02 -0.471071352990E-02  0.256082855589E-01 -0.981919781092E-02 -0.132250663270E-01  0.101307781119E-01
