  0.490389393254     -0.148261929415     -0.936905440239E-01  0.463432031998E-01  0.258911804494E-01 -0.262404156552E-01
 -0.148261929415      0.273386430749     -0.528621201403E-01 -0.798142785995E-01  0.277293753938E-01  0.918245894093E-02
 -0.936905440239E-01 -0.528621201403E-01  0.143406636071     -0.408935579598E-01 -0.377747336013E-01  0.338388414467E-01
  0.463432031998E-01 -0.798142785995E-01 -0.408935579598E-01  0.631824363908E-01 -0.216296237581E-02 -0.191463977362E-01
  0.258911804494E-01  0.277293753938E-01 -0.377747336013E-01 -0.216296237581E-02  0.179425103302E-01 -0.938975573330E-02
 -0.262404156552E-01  0.918245894093E-02  0.338388414467E-01 -0.191463977362E-01 -0.938975573330E-02  0.116925932051E-01
