  0.513734160981     -0.179399297948     -0.623947025807E-01  0.598069092285E-01 -0.162835103832E-01  0.332352146868E-02
 -0.179399297948      0.254637333859     -0.585126150226E-01 -0.307444351306E-01  0.238481352151E-01 -0.526689038279E-02
 -0.623947025807E-01 -0.585126150226E-01  0.106911466980     -0.476149252296E-01 -0.665813371334E-02  0.102636814979E-01
  0.598069092285E-01 -0.307444351306E-01 -0.476149252296E-01  0.814230949558E-01 -0.378621622599E-01  0.100877814872E-01
 -0.162835103832E-01  0.238481352151E-01 -0.665813371334E-02 -0.378621622599E-01  0.349408127758E-01 -0.152783295160E-01
  0.332352146868E-02 -0.526689038279E-02  0.102636814979E-01  0.100877814872E-01 -0.152783295160E-01  0.835313044796E-02
