 -0.398717349229E-17  0.185315212811E-01  0.997411319058E-02 -0.114118473647E-01  0.282328485378E-02  0.733568064063E-02
 -0.185315212811E-01  0.625840588116E-18  0.283693025550E-01 -0.155666932250E-01  0.247144332443E-02 -0.200201363103E-02
 -0.997411319058E-02 -0.283693025550E-01 -0.251246548829E-17 -0.808240359835E-02  0.163584142660E-02 -0.226107005906E-02
  0.114118473647E-01  0.155666932250E-01  0.808240359835E-02 -0.713685848848E-17 -0.537083485086E-02  0.640199648387E-03
 -0.282328485378E-02 -0.247144332443E-02 -0.163584142660E-02  0.537083485086E-02  0.302679266252E-18 -0.196569143889E-04
 -0.733568064063E-02  0.200201363103E-02  0.226107005906E-02 -0.640199648387E-03  0.196569143889E-04  0.594264085715E-18
