 -0.198394262594E-16  0.997617006427E-02 -0.190204037099E-01 -0.316410437402E-02  0.648379272860E-02  0.343185891859E-02
 -0.997617006427E-02 -0.664030266081E-16  0.475573297539E-03  0.250581994789E-01 -0.866424468102E-02 -0.388957049022E-02
  0.190204037099E-01 -0.475573297539E-03 -0.264717507740E-17 -0.157383929763E-02 -0.662183394961E-02  0.490090890104E-02
  0.316410437402E-02 -0.250581994789E-01  0.157383929763E-02 -0.573380214394E-17  0.330308661794E-02 -0.148260590762E-02
 -0.648379272860E-02  0.866424468102E-02  0.662183394961E-02 -0.330308661794E-02  0.346330020008E-17 -0.124781667906E-02
 -0.343185891859E-02  0.388957049022E-02 -0.490090890104E-02  0.148260590762E-02  0.124781667906E-02 -0.540813683056E-18
