  0.330206313383     -0.147700317232     -0.502023195266E-01  0.685776879020E-01 -0.331158836083E-01  0.982010566386E-02
 -0.147700317232      0.251920049562     -0.521191545668E-01 -0.459903561237E-01  0.190470423361E-01 -0.590395033538E-03
 -0.502023195266E-01 -0.521191545668E-01  0.218244476333     -0.153327461418      0.602878100869E-01 -0.160794726623E-01
  0.685776879020E-01 -0.459903561237E-01 -0.153327461418      0.148526180686     -0.668131662448E-01  0.182796620745E-01
 -0.331158836083E-01  0.190470423361E-01  0.602878100869E-01 -0.668131662448E-01  0.420831732738E-01 -0.167240394942E-01
  0.982010566386E-02 -0.590395033538E-03 -0.160794726623E-01  0.182796620745E-01 -0.167240394942E-01  0.901980676151E-02
