  0.372113819547     -0.146546850872     -0.430708771112E-01  0.448010454792E-01  0.568830514068E-02 -0.129949967755E-01
 -0.146546850872      0.262541607640     -0.124211976758     -0.137046580021E-01  0.337811194931E-01 -0.152533964069E-01
 -0.430708771112E-01 -0.124211976758      0.201848205002     -0.904132085456E-01 -0.194393904811E-02  0.163247203412E-01
  0.448010454792E-01 -0.137046580021E-01 -0.904132085456E-01  0.982043414543E-01 -0.483829533533E-01  0.144622874230E-01
  0.568830514068E-02  0.337811194931E-01 -0.194393904811E-02 -0.483829533533E-01  0.502518985425E-01 -0.254213142831E-01
 -0.129949967755E-01 -0.152533964069E-01  0.163247203412E-01  0.144622874230E-01 -0.254213142831E-01  0.150401278145E-01
