  0.396034386826E-15  0.205011407249E-02 -0.146071579104E-02  0.595613002133E-02 -0.272864400367E-02  0.998230354668E-03
 -0.205011407249E-02 -0.163512276111E-17  0.737813373003E-02 -0.103358888066E-01  0.398885208876E-02  0.841349766412E-03
  0.146071579104E-02 -0.737813373003E-02 -0.801847993397E-16  0.462373437104E-02 -0.523977452066E-03 -0.102422357412E-02
 -0.595613002133E-02  0.103358888066E-01 -0.462373437104E-02 -0.239858026325E-16 -0.523657670774E-03  0.604806602964E-03
  0.272864400367E-02 -0.398885208876E-02  0.523977452066E-03  0.523657670774E-03  0.160345585862E-16 -0.238729158881E-03
 -0.998230354668E-03 -0.841349766412E-03  0.102422357412E-02 -0.604806602964E-03  0.238729158881E-03  0.206313246504E-18
