  0.637440203014     -0.250361718580     -0.705466587856E-02 -0.383711589619E-02  0.394143974185E-02 -0.526467735090E-03
 -0.250361718580      0.320184035139     -0.705264755523E-01  0.238938491839E-01 -0.303323484605E-02 -0.280129129532E-02
 -0.705466587856E-02 -0.705264755523E-01  0.334862110045E-01 -0.973392862312E-02 -0.208036799867E-02  0.192192095064E-02
 -0.383711589619E-02  0.238938491839E-01 -0.973392862312E-02  0.729105344116E-02  0.268426098286E-04 -0.994338654780E-03
  0.394143974185E-02 -0.303323484605E-02 -0.208036799867E-02  0.268426098286E-04  0.111729674374E-02 -0.509681482274E-03
 -0.526467735090E-03 -0.280129129532E-02  0.192192095064E-02 -0.994338654780E-03 -0.509681482274E-03  0.481200657060E-03
