  0.287759239887E-17 -0.132265764830E-01 -0.957773783428E-02  0.338482118277E-02 -0.190356972346E-01  0.703895013958E-02
  0.132265764830E-01 -0.155532680071E-16 -0.509795743953E-02  0.149623407732E-01  0.313596828758E-02 -0.221378211578E-02
  0.957773783428E-02  0.509795743953E-02  0.355537242670E-16  0.261331960813E-02 -0.644995065340E-02 -0.165131654009E-02
 -0.338482118277E-02 -0.149623407732E-01 -0.261331960813E-02 -0.780041575892E-17  0.453533065476E-02 -0.219884185717E-02
  0.190356972346E-01 -0.313596828758E-02  0.644995065340E-02 -0.453533065476E-02 -0.258269863238E-16  0.317151081151E-02
 -0.703895013958E-02  0.221378211578E-02  0.165131654009E-02  0.219884185717E-02 -0.317151081151E-02 -0.556401339221E-17
