  0.425298626559E-18  0.322082345567E-02 -0.592287479397E-02  0.322044042406E-02  0.142337980305E-02 -0.387773614526E-03
 -0.322082345567E-02  0.714411203550E-18  0.286209045660E-02 -0.171499407877E-02 -0.841788798849E-03  0.177718535373E-03
  0.592287479397E-02 -0.286209045660E-02  0.318973969919E-19  0.304273301562E-03  0.216858835602E-03 -0.117257408169E-04
 -0.322044042406E-02  0.171499407877E-02 -0.304273301562E-03 -0.147497183254E-18 -0.330380991046E-04 -0.953096111363E-05
 -0.142337980305E-02  0.841788798849E-03 -0.216858835602E-03  0.330380991046E-04 -0.698462505054E-20 -0.290722300018E-05
  0.387773614526E-03 -0.177718535373E-03  0.117257408169E-04  0.953096111363E-05  0.290722300018E-05  0.252733143276E-20
