  0.367131829744E-17 -0.215862700278E-01 -0.874288932715E-02  0.238418228570E-02 -0.690317787015E-02  0.523420879703E-02
  0.215862700278E-01  0.342558185593E-16  0.541727257462E-01 -0.141117645611E-01 -0.192855631145E-01  0.817789643036E-03
  0.874288932715E-02 -0.541727257462E-01  0.138400939119E-16 -0.620086334087E-02  0.771191944840E-02 -0.351494173000E-03
 -0.238418228570E-02  0.141117645611E-01  0.620086334087E-02 -0.154262212430E-16 -0.472303878037E-02  0.154816580962E-02
  0.690317787015E-02  0.192855631145E-01 -0.771191944840E-02  0.472303878037E-02 -0.121452035638E-17 -0.754596432001E-03
 -0.523420879703E-02 -0.817789643036E-03  0.351494173000E-03 -0.154816580962E-02  0.754596432001E-03 -0.272934276683E-18
