  0.426835569287E-17 -0.272385785683E-01  0.453157590685E-02  0.104291188874E-01 -0.381624587703E-02  0.157123769474E-02
  0.272385785683E-01  0.131994931781E-16 -0.193789817816E-01 -0.127722386328E-02 -0.199773321188E-02  0.538055789363E-02
 -0.453157590685E-02  0.193789817816E-01  0.236796546089E-16 -0.118624573615E-01 -0.190339437073E-02  0.252952165437E-02
 -0.104291188874E-01  0.127722386328E-02  0.118624573615E-01  0.774651741135E-17  0.176046351803E-02  0.626804481337E-03
  0.381624587703E-02  0.199773321188E-02  0.190339437073E-02 -0.176046351803E-02 -0.179619018037E-17  0.416804131333E-02
 -0.157123769474E-02 -0.538055789363E-02 -0.252952165437E-02 -0.626804481337E-03 -0.416804131333E-02 -0.131807083206E-17
