  0.596097582561     -0.650540111676E-01 -0.111824546328      0.288106501474E-01  0.146160968607E-01 -0.951554641993E-02
 -0.650540111676E-01  0.255581599981     -0.463002312660E-01 -0.490136766421E-01  0.217710313804E-01 -0.443726479772E-02
 -0.111824546328     -0.463002312660E-01  0.108115653976     -0.271672691703E-01 -0.124643889120E-01  0.766967217279E-02
  0.288106501474E-01 -0.490136766421E-01 -0.271672691703E-01  0.320341556869E-01 -0.651664329168E-02 -0.481039128847E-03
  0.146160968607E-01  0.217710313804E-01 -0.124643889120E-01 -0.651664329168E-02  0.655077016718E-02 -0.248625041592E-02
 -0.951554641993E-02 -0.443726479772E-02  0.766967217279E-02 -0.481039128847E-03 -0.248625041592E-02  0.162023762774E-02
