  0.320022575097E-16  0.187201413026E-01 -0.825056400335E-02 -0.270394839614E-01  0.118248186965E-01  0.433943797922E-02
 -0.187201413026E-01  0.134158521006E-15  0.178179207435E-01 -0.919400450574E-02  0.132762496389E-02 -0.248803646100E-02
  0.825056400335E-02 -0.178179207435E-01 -0.453069973124E-17 -0.275533819075E-02  0.669924453599E-02 -0.306213786147E-03
  0.270394839614E-01  0.919400450574E-02  0.275533819075E-02  0.246745930395E-16 -0.408347235331E-02  0.134482822274E-02
 -0.118248186965E-01 -0.132762496389E-02 -0.669924453599E-02  0.408347235331E-02 -0.147511154040E-17 -0.782532648155E-03
 -0.433943797922E-02  0.248803646100E-02  0.306213786147E-03 -0.134482822274E-02  0.782532648155E-03 -0.175061548568E-16
