  0.514765770199     -0.315334559508E-01 -0.126040001219      0.463515382992E-01 -0.642672653399E-02  0.105299053534E-02
 -0.315334559508E-01  0.321503168062     -0.246760667901E-01 -0.221424908878E-01  0.167391319616E-01 -0.131467052953E-01
 -0.126040001219     -0.246760667901E-01  0.118770096846     -0.189827571696E-01 -0.254371550778E-01  0.965056748304E-02
  0.463515382992E-01 -0.221424908878E-01 -0.189827571696E-01  0.107398762817E-01 -0.341435569792E-02  0.123949906657E-02
 -0.642672653399E-02  0.167391319616E-01 -0.254371550778E-01 -0.341435569792E-02  0.270978193044E-01 -0.119677076808E-01
  0.105299053534E-02 -0.131467052953E-01  0.965056748304E-02  0.123949906657E-02 -0.119677076808E-01  0.712326930650E-02
