 -0.158415789524E-16  0.180326764217E-02  0.512542014840E-02  0.113672679413E-01 -0.454121108637E-02  0.484987898043E-03
 -0.180326764217E-02 -0.538031051800E-16  0.153945602203E-01 -0.278031502653E-01  0.902532474479E-02 -0.115882356171E-02
 -0.512542014840E-02 -0.153945602203E-01  0.434362634052E-16  0.118251444293E-01 -0.368907278669E-02  0.845659701387E-03
 -0.113672679413E-01  0.278031502653E-01 -0.118251444293E-01 -0.252942902993E-16  0.183068416021E-03 -0.163685299263E-04
  0.454121108637E-02 -0.902532474479E-02  0.368907278669E-02 -0.183068416021E-03 -0.950293829356E-17 -0.183351248058E-04
 -0.484987898043E-03  0.115882356171E-02 -0.845659701387E-03  0.163685299263E-04  0.183351248058E-04 -0.407191425543E-18
