  0.454994017908     -0.895331927210E-01 -0.103090544912      0.467138931502E-01  0.714818183071E-02 -0.787788903387E-02
 -0.895331927210E-01  0.268426195519     -0.434746909967E-01 -0.957624551028E-01  0.370101866533E-01  0.138860679839E-01
 -0.103090544912     -0.434746909967E-01  0.154837408857     -0.593379586003E-01 -0.306635491270E-01  0.299879411914E-01
  0.467138931502E-01 -0.957624551028E-01 -0.593379586003E-01  0.906675781460E-01 -0.469176193721E-02 -0.275036617494E-01
  0.714818183071E-02  0.370101866533E-01 -0.306635491270E-01 -0.469176193721E-02  0.170970380449E-01 -0.720773514801E-02
 -0.787788903387E-02  0.138860679839E-01  0.299879411914E-01 -0.275036617494E-01 -0.720773514801E-02  0.139777615258E-01
