  0.295500641879E-20 -0.510325971932E-03  0.152843401977E-01 -0.787186405983E-02  0.775654632904E-02  0.555996765627E-02
  0.510325971932E-03 -0.167450363731E-17  0.681102142720E-04  0.306195133119E-02 -0.121273652751E-01  0.109734081029E-01
 -0.152843401977E-01 -0.681102142720E-04  0.123873869076E-16  0.632910475067E-02  0.458702145889E-02 -0.144039267689E-02
  0.787186405983E-02 -0.306195133119E-02 -0.632910475067E-02  0.945602054012E-18  0.571327469291E-03 -0.325941018188E-02
 -0.775654632904E-02  0.121273652751E-01 -0.458702145889E-02 -0.571327469291E-03  0.936146033472E-17 -0.751029534615E-03
 -0.555996765627E-02 -0.109734081029E-01  0.144039267689E-02  0.325941018188E-02  0.751029534615E-03  0.210002456162E-17
