  0.236632092785     -0.209598617619      0.949776712241E-01 -0.244558986838E-01  0.103353095409E-01 -0.804382627442E-02
 -0.209598617619      0.581140029217     -0.246077390943      0.178665671614E-01  0.881651855475E-02  0.602850704891E-02
  0.949776712241E-01 -0.246077390943      0.139776264517     -0.400456685254E-01  0.762114527974E-02 -0.103454658405E-02
 -0.244558986838E-01  0.178665671614E-01 -0.400456685254E-01  0.336510774426E-01 -0.923916778704E-02 -0.172059248182E-02
  0.103353095409E-01  0.881651855475E-02  0.762114527974E-02 -0.923916778704E-02  0.689308697738E-02 -0.113369657948E-02
 -0.804382627442E-02  0.602850704891E-02 -0.103454658405E-02 -0.172059248182E-02 -0.113369657948E-02  0.190744906085E-02
