  0.495254671040     -0.112864677679     -0.819759884490E-01  0.285244238775E-01  0.241041583739E-01 -0.958250239394E-02
 -0.112864677679      0.259200553963     -0.423101424478E-01 -0.814707232860E-01  0.402733677790E-01  0.132235692733E-01
 -0.819759884490E-01 -0.423101424478E-01  0.146098318688     -0.507101816731E-01 -0.399350449713E-01  0.290134381448E-01
  0.285244238775E-01 -0.814707232860E-01 -0.507101816731E-01  0.706177934913E-01 -0.459362744077E-02 -0.227102119050E-01
  0.241041583739E-01  0.402733677790E-01 -0.399350449713E-01 -0.459362744077E-02  0.197004230895E-01 -0.412136897478E-02
 -0.958250239394E-02  0.132235692733E-01  0.290134381448E-01 -0.227102119050E-01 -0.412136897478E-02  0.912823972769E-02
