 -0.168149541552E-16  0.707535251657E-02  0.855622331173E-02 -0.163445374433E-01  0.767523984089E-02  0.318994887579E-02
 -0.707535251657E-02 -0.110693526602E-15  0.403440531169E-02 -0.224044653397E-01  0.156578990457E-01 -0.659956603201E-02
 -0.855622331173E-02 -0.403440531169E-02  0.213532967058E-16  0.109102769980E-01 -0.498877850669E-02  0.174710653591E-02
  0.163445374433E-01  0.224044653397E-01 -0.109102769980E-01 -0.422157130276E-17  0.819325956298E-03  0.515389587631E-03
 -0.767523984089E-02 -0.156578990457E-01  0.498877850669E-02 -0.819325956298E-03 -0.674469647674E-16 -0.788944187233E-03
 -0.318994887579E-02  0.659956603201E-02 -0.174710653591E-02 -0.515389587631E-03  0.788944187233E-03 -0.508329647694E-18
