  0.406060918629     -0.125927965125     -0.770297344007E-01  0.576876316966E-01 -0.273229673721E-01  0.832295178256E-02
 -0.125927965125      0.221723012108     -0.107355533992      0.283906638556E-01 -0.200534534211E-02 -0.136603875016E-02
 -0.770297344007E-01 -0.107355533992      0.239572983978     -0.120802156044      0.325725632955E-01 -0.110060587850E-01
  0.576876316966E-01  0.283906638556E-01 -0.120802156044      0.881618152378E-01 -0.408867152626E-01  0.143147239562E-01
 -0.273229673721E-01 -0.200534534211E-02  0.325725632955E-01 -0.408867152626E-01  0.356835069340E-01 -0.158290108326E-01
  0.832295178256E-02 -0.136603875016E-02 -0.110060587850E-01  0.143147239562E-01 -0.158290108326E-01  0.879776311309E-02
