 -0.877265006383E-18  0.204884087957E-01 -0.136977420087E-03  0.348879569778E-02  0.111507709948E-01 -0.249610676933E-02
 -0.204884087957E-01 -0.138691420057E-16  0.198603699440E-02  0.586298312859E-02 -0.162539153575E-01  0.954893132698E-02
  0.136977420087E-03 -0.198603699440E-02  0.282674279834E-17  0.364536552303E-04  0.351830213678E-03  0.237614498836E-02
 -0.348879569778E-02 -0.586298312859E-02 -0.364536552303E-04 -0.105828794421E-17  0.122374418786E-03 -0.286556548072E-02
 -0.111507709948E-01  0.162539153575E-01 -0.351830213678E-03 -0.122374418786E-03  0.139248413712E-18  0.135815308277E-02
  0.249610676933E-02 -0.954893132698E-02 -0.237614498836E-02  0.286556548072E-02 -0.135815308277E-02  0.333021284417E-17
