  0.138414892525E-16 -0.944667676922E-02 -0.670626123278E-03 -0.331861427033E-01 -0.335077165527E-02  0.160134544820E-02
  0.944667676922E-02 -0.865392896952E-17  0.199348675636E-01 -0.345346875395E-02 -0.186885038938E-02  0.112980086187E-03
  0.670626123278E-03 -0.199348675636E-01 -0.422070316929E-17 -0.104305034254E-01  0.959912507858E-03 -0.527218585582E-03
  0.331861427033E-01  0.345346875395E-02  0.104305034254E-01  0.202593752126E-17 -0.900949176543E-03 -0.132386338816E-03
  0.335077165527E-02  0.186885038938E-02 -0.959912507858E-03  0.900949176543E-03 -0.393808339760E-18  0.755467181841E-04
 -0.160134544820E-02 -0.112980086187E-03  0.527218585582E-03  0.132386338816E-03 -0.755467181841E-04 -0.515095451483E-20
