  0.795410765108     -0.158085734229E-02 -0.539203681928E-01  0.133323893593E-01 -0.156220536535E-02  0.210775582390E-01
 -0.158085734229E-02  0.159075729380     -0.393460358805E-01 -0.137625974175E-02 -0.979381704139E-02 -0.224358787962E-03
 -0.539203681928E-01 -0.393460358805E-01  0.276615337442E-01 -0.143000548011E-02 -0.313086375244E-02  0.208721255178E-02
  0.133323893593E-01 -0.137625974175E-02 -0.143000548011E-02  0.935545800672E-02 -0.173040307114E-03  0.486812124201E-04
 -0.156220536535E-02 -0.979381704139E-02 -0.313086375244E-02 -0.173040307114E-03  0.534731937443E-02 -0.195352571175E-02
  0.210775582390E-01 -0.224358787962E-03  0.208721255178E-02  0.486812124201E-04 -0.195352571175E-02  0.314919438720E-02
