 -0.809405322240E-18  0.300567353924E-01  0.905642014186E-02 -0.996968315850E-02  0.126114942341E-01  0.323285580193E-02
 -0.300567353924E-01 -0.159123090757E-16 -0.924292202226E-02  0.682205916199E-02  0.150663999745E-02 -0.795692441705E-02
 -0.905642014186E-02  0.924292202226E-02 -0.248457455953E-16  0.634078782319E-02 -0.114774191330E-01  0.666284322850E-02
  0.996968315850E-02 -0.682205916199E-02 -0.634078782319E-02 -0.223755604637E-16  0.496892775617E-02 -0.245546369466E-02
 -0.126114942341E-01 -0.150663999745E-02  0.114774191330E-01 -0.496892775617E-02 -0.113676480812E-16 -0.491578514717E-03
 -0.323285580193E-02  0.795692441705E-02 -0.666284322850E-02  0.245546369466E-02  0.491578514717E-03  0.807906423495E-17
