  0.880243585278E-17 -0.836456765087E-02 -0.510527348634E-02  0.475248636785E-01 -0.351198231591E-01  0.908680649625E-02
  0.836456765087E-02  0.132948277852E-16  0.675647560983E-02 -0.426494846178E-02 -0.198674190409E-01  0.176468716880E-01
  0.510527348634E-02 -0.675647560983E-02  0.795700416071E-18  0.102686936016E-01  0.565044577845E-02 -0.870398406812E-02
 -0.475248636785E-01  0.426494846178E-02 -0.102686936016E-01  0.265233472024E-18  0.774249085114E-02 -0.257326442458E-02
  0.351198231591E-01  0.198674190409E-01 -0.565044577845E-02 -0.774249085114E-02  0.329884130829E-17  0.104443588873E-02
 -0.908680649625E-02 -0.176468716880E-01  0.870398406812E-02  0.257326442458E-02 -0.104443588873E-02  0.591387757152E-17
