  0.342604917714     -0.119422830548     -0.441160207014E-01  0.661992165813E-02  0.279024896012E-01 -0.206871897196E-01
 -0.119422830548      0.267071531607     -0.871267789535E-01 -0.584781731933E-01  0.462992505337E-01 -0.138420247666E-01
 -0.441160207014E-01 -0.871267789535E-01  0.171178177148     -0.753873074524E-01 -0.115765797050E-01  0.248779038142E-01
  0.661992165813E-02 -0.584781731933E-01 -0.753873074524E-01  0.131583774227     -0.683210265669E-01  0.140825658830E-01
  0.279024896012E-01  0.462992505337E-01 -0.115765797050E-01 -0.683210265669E-01  0.695470878402E-01 -0.309013144380E-01
 -0.206871897196E-01 -0.138420247666E-01  0.248779038142E-01  0.140825658830E-01 -0.309013144380E-01  0.180145114640E-01
