  0.354065590918E-16 -0.288157185586E-01  0.228531652324E-01  0.891021493560E-02 -0.130758070357E-01  0.865200106025E-02
  0.288157185586E-01 -0.419781363967E-16  0.102232933823E-01 -0.162264749634E-01 -0.641953533347E-02  0.826266655997E-02
 -0.228531652324E-01 -0.102232933823E-01 -0.270145013818E-16  0.190895471385E-01 -0.184277976919E-02 -0.520705103654E-02
 -0.891021493560E-02  0.162264749634E-01 -0.190895471385E-01  0.121365360331E-16  0.176610452748E-02  0.255337790436E-02
  0.130758070357E-01  0.641953533347E-02  0.184277976919E-02 -0.176610452748E-02 -0.670936268463E-16 -0.410547461337E-02
 -0.865200106025E-02 -0.826266655997E-02  0.520705103654E-02 -0.255337790436E-02  0.410547461337E-02 -0.451372053347E-17
