  0.914142316203     -0.200813781525      0.407515929889E-01 -0.151062404009E-01  0.188464587378E-02 -0.224014573626E-02
 -0.200813781525      0.530089136922E-01  0.479698512725E-02 -0.205433413528E-02 -0.267360136459E-03  0.129112786368E-02
  0.407515929889E-01  0.479698512725E-02  0.270578449413E-01 -0.118094017712E-01  0.109991413722E-02  0.727733963561E-03
 -0.151062404009E-01 -0.205433413528E-02 -0.118094017712E-01  0.550609036074E-02 -0.681035868352E-03 -0.155566727835E-03
  0.188464587378E-02 -0.267360136459E-03  0.109991413722E-02 -0.681035868352E-03  0.164499892517E-03 -0.737670104839E-04
 -0.224014573626E-02  0.129112786368E-02  0.727733963561E-03 -0.155566727835E-03 -0.737670104839E-04  0.120334909939E-03
