 -0.147585789847E-16  0.179735189298E-01 -0.263400421914E-02  0.176874391264E-01 -0.179457583521E-02 -0.376645849962E-02
 -0.179735189298E-01 -0.168681450924E-16 -0.229074754425E-01  0.335867621322E-01 -0.255745315899E-01  0.527022326774E-02
  0.263400421914E-02  0.229074754425E-01 -0.442495376729E-16  0.241436371931E-01 -0.213446580426E-01  0.107665180257E-01
 -0.176874391264E-01 -0.335867621322E-01 -0.241436371931E-01 -0.138835229986E-16  0.115315965193E-01 -0.670888966276E-02
  0.179457583521E-02  0.255745315899E-01  0.213446580426E-01 -0.115315965193E-01  0.566742847043E-17 -0.181783128441E-02
  0.376645849962E-02 -0.527022326774E-02 -0.107665180257E-01  0.670888966276E-02  0.181783128441E-02  0.196504432387E-16
