  0.573726174204     -0.126404594450     -0.100708947475      0.631682117195E-01 -0.160263342269E-01  0.697121227781E-02
 -0.126404594450      0.252933082607     -0.625790019963E-03 -0.422031916955E-01  0.108332295406E-01  0.227256997416E-02
 -0.100708947475     -0.625790019963E-03  0.102538052050     -0.534380361241E-01 -0.142690263362E-02  0.618061711564E-02
  0.631682117195E-01 -0.422031916955E-01 -0.534380361241E-01  0.534870773336E-01 -0.145042060285E-01  0.420682859683E-03
 -0.160263342269E-01  0.108332295406E-01 -0.142690263362E-02 -0.145042060285E-01  0.135509251886E-01 -0.578172188125E-02
  0.697121227781E-02  0.227256997416E-02  0.618061711564E-02  0.420682859683E-03 -0.578172188125E-02  0.376468861690E-02
