  0.216986311156E-17  0.259123177976E-01  0.779982929240E-02 -0.110732636409E-01 -0.210273663233E-02  0.320191693822E-02
 -0.259123177976E-01 -0.626272134000E-18  0.137359130739E-01 -0.836432119754E-02  0.475617787813E-03 -0.224731529405E-02
 -0.779982929240E-02 -0.137359130739E-01 -0.202027709104E-16 -0.517047434199E-02  0.479944353824E-03 -0.294578602415E-02
  0.110732636409E-01  0.836432119754E-02  0.517047434199E-02 -0.314712292506E-17 -0.110200317294E-02  0.234750736128E-02
  0.210273663233E-02 -0.475617787813E-03 -0.479944353824E-03  0.110200317294E-02 -0.189058259239E-17  0.178320879225E-03
 -0.320191693822E-02  0.224731529405E-02  0.294578602415E-02 -0.234750736128E-02 -0.178320879225E-03 -0.766356400768E-18
