 -0.768291026950E-17  0.161444930409E-01  0.155180621675E-01 -0.230570725145E-01  0.118111074425E-01  0.369473072991E-02
 -0.161444930409E-01  0.860196808399E-17  0.229186800368E-01 -0.208372221955E-01  0.238979078690E-01 -0.137575206285E-01
 -0.155180621675E-01 -0.229186800368E-01  0.166669585685E-16  0.103145648131E-01 -0.109252292701E-01 -0.105631575411E-02
  0.230570725145E-01  0.208372221955E-01 -0.103145648131E-01  0.850902965331E-17 -0.680544582746E-02  0.733564078398E-02
 -0.118111074425E-01 -0.238979078690E-01  0.109252292701E-01  0.680544582746E-02  0.520455211805E-17 -0.407088880317E-02
 -0.369473072991E-02  0.137575206285E-01  0.105631575411E-02 -0.733564078398E-02  0.407088880317E-02  0.147733380434E-17
