  0.459376263953     -0.887344139735E-01 -0.956513296992E-01  0.643022306535E-01 -0.232268778714E-01  0.652132305386E-02
 -0.887344139735E-01  0.225219142165     -0.217465932065E-01 -0.358671101137E-01  0.120417619323E-01  0.166909890861E-02
 -0.956513296992E-01 -0.217465932065E-01  0.206720090653     -0.116386837720      0.203474293791E-01 -0.473001454238E-03
  0.643022306535E-01 -0.358671101137E-01 -0.116386837720      0.908969618121E-01 -0.275103909027E-01  0.435412876675E-02
 -0.232268778714E-01  0.120417619323E-01  0.203474293791E-01 -0.275103909027E-01  0.158088764055E-01 -0.478384739809E-02
  0.652132305386E-02  0.166909890861E-02 -0.473001454238E-03  0.435412876675E-02 -0.478384739809E-02  0.197866501138E-02
