 -0.304814520150E-16  0.175749860067E-01 -0.954344942673E-02 -0.728030464997E-03  0.147165777340E-01  0.286047740536E-02
 -0.175749860067E-01 -0.121138023473E-16 -0.207449223108E-02  0.186054140262E-01  0.129907102208E-01 -0.203247832412E-01
  0.954344942673E-02  0.207449223108E-02 -0.187260270826E-16  0.691753638403E-02 -0.165260777000E-01  0.105956554847E-01
  0.728030464997E-03 -0.186054140262E-01 -0.691753638403E-02  0.239693146658E-16  0.132937279689E-02 -0.618682302203E-03
 -0.147165777340E-01 -0.129907102208E-01  0.165260777000E-01 -0.132937279689E-02  0.760341272062E-17 -0.390704201492E-02
 -0.286047740536E-02  0.203247832412E-01 -0.105956554847E-01  0.618682302203E-03  0.390704201492E-02  0.686325035706E-17
