 -0.141159645742E-16  0.256242092258E-01 -0.127246071779E-01 -0.425292084762E-02 -0.402805014147E-02  0.102331276756E-02
 -0.256242092258E-01  0.111783343441E-16  0.131401311331E-01 -0.215894073941E-02 -0.671899724155E-02  0.134265052884E-01
  0.127246071779E-01 -0.131401311331E-01  0.111515511427E-16 -0.339471460489E-02  0.336841430522E-02 -0.578027611257E-02
  0.425292084762E-02  0.215894073941E-02  0.339471460489E-02  0.387625969852E-17 -0.171276686963E-02  0.328964140343E-02
  0.402805014147E-02  0.671899724155E-02 -0.336841430522E-02  0.171276686963E-02 -0.779147678094E-19 -0.535717191259E-04
 -0.102331276756E-02 -0.134265052884E-01  0.578027611257E-02 -0.328964140343E-02  0.535717191259E-04  0.488184717055E-17
