  0.109813682377E-16  0.642181143129E-02  0.179204130910E-01  0.645986187863E-03  0.233193627724E-02 -0.743868206496E-02
 -0.642181143129E-02 -0.230158187484E-17 -0.151835962299E-02 -0.144388089719E-01  0.258354943850E-02  0.650585884329E-02
 -0.179204130910E-01  0.151835962299E-02  0.170230206592E-16  0.997501960817E-02 -0.229144943420E-02 -0.189163787885E-02
 -0.645986187863E-03  0.144388089719E-01 -0.997501960817E-02 -0.564538950432E-18  0.421865191960E-02 -0.387739299418E-02
 -0.233193627724E-02 -0.258354943850E-02  0.229144943420E-02 -0.421865191960E-02 -0.138963433952E-17  0.195138463529E-02
  0.743868206496E-02 -0.650585884329E-02  0.189163787885E-02  0.387739299418E-02 -0.195138463529E-02 -0.101983418570E-17
