  0.133299015865E-16 -0.141333069309E-02 -0.557973246371E-02  0.215368237014E-01 -0.354133405787E-02 -0.621340884250E-02
  0.141333069309E-02 -0.197123882794E-17  0.240740674922E-02 -0.565043089375E-02 -0.147185592435E-01  0.868893590466E-02
  0.557973246371E-02 -0.240740674922E-02 -0.141031721023E-16  0.103271248867E-01 -0.863602858278E-04 -0.284959484105E-02
 -0.215368237014E-01  0.565043089375E-02 -0.103271248867E-01 -0.256421310951E-17  0.710037928337E-02 -0.279492626523E-02
  0.354133405787E-02  0.147185592435E-01  0.863602858278E-04 -0.710037928337E-02 -0.108979057154E-16  0.323965188911E-02
  0.621340884250E-02 -0.868893590466E-02  0.284959484105E-02  0.279492626523E-02 -0.323965188911E-02 -0.130414276117E-17
