  0.288508480507     -0.124667309748     -0.553070516250E-01  0.614324336692E-01  0.148214479652E-02 -0.183983965490E-01
 -0.124667309748      0.265530625903     -0.126769431782     -0.204477915168E-01  0.326942126119E-01 -0.672791328241E-02
 -0.553070516250E-01 -0.126769431782      0.197139952119     -0.749947615356E-01 -0.167988539147E-01  0.226338686073E-01
  0.614324336692E-01 -0.204477915168E-01 -0.749947615356E-01  0.124506756389     -0.820157358220E-01  0.280911116800E-01
  0.148214479652E-02  0.326942126119E-01 -0.167988539147E-01 -0.820157358220E-01  0.973218259757E-01 -0.479121695387E-01
 -0.183983965490E-01 -0.672791328241E-02  0.226338686073E-01  0.280911116800E-01 -0.479121695387E-01  0.269923591068E-01
