  0.288993788874     -0.111827471466     -0.552119567874E-01  0.551230251499E-01 -0.194196537778E-01  0.881558788951E-02
 -0.111827471466      0.284131493247     -0.140662402090     -0.417306137595E-01  0.595777691816E-01 -0.240468356503E-01
 -0.552119567874E-01 -0.140662402090      0.212417794276     -0.728385750523E-01 -0.381443147060E-02  0.488119438686E-02
  0.551230251499E-01 -0.417306137595E-01 -0.728385750523E-01  0.105137048504     -0.725442627158E-01  0.339856177877E-01
 -0.194196537778E-01  0.595777691816E-01 -0.381443147060E-02 -0.725442627158E-01  0.826701716141E-01 -0.452552456063E-01
  0.881558788951E-02 -0.240468356503E-01  0.488119438686E-02  0.339856177877E-01 -0.452552456063E-01  0.266497034838E-01
