  0.340313503324     -0.199352170302      0.558485300555E-01 -0.235942044365E-01  0.112461772878E-01 -0.337100466405E-02
 -0.199352170302      0.525619748219     -0.127299387077     -0.101283778841E-01  0.141366658237E-01 -0.291707386903E-02
  0.558485300555E-01 -0.127299387077      0.973867567644E-01 -0.308512248105E-01  0.466468196017E-02 -0.146962769396E-02
 -0.235942044365E-01 -0.101283778841E-01 -0.308512248105E-01  0.304437909101E-01 -0.120440875110E-01  0.294676934991E-02
  0.112461772878E-01  0.141366658237E-01  0.466468196017E-02 -0.120440875110E-01  0.579216660242E-02 -0.139440891949E-02
 -0.337100466405E-02 -0.291707386903E-02 -0.146962769396E-02  0.294676934991E-02 -0.139440891949E-02  0.444034179813E-03
