  0.980104517802E-17  0.324161900757E-01 -0.175497696628E-01 -0.185376802779E-01  0.219469745498E-01  0.297725500407E-02
 -0.324161900757E-01 -0.268141802040E-17 -0.596622436618E-02  0.114193026471E-01  0.408371878718E-02 -0.889779096782E-02
  0.175497696628E-01  0.596622436618E-02 -0.204840421718E-17  0.341878144288E-02 -0.101929035692E-01  0.687411755060E-02
  0.185376802779E-01 -0.114193026471E-01 -0.341878144288E-02 -0.574691183153E-17 -0.876058373965E-03  0.187309047678E-02
 -0.219469745498E-01 -0.408371878718E-02  0.101929035692E-01  0.876058373965E-03 -0.241825497861E-17 -0.243468294909E-02
 -0.297725500407E-02  0.889779096782E-02 -0.687411755060E-02 -0.187309047678E-02  0.243468294909E-02 -0.165632684748E-17
