  0.456979516615     -0.914199153305E-01 -0.910366442755E-01  0.657887053544E-01 -0.317806623185E-01  0.108971063559E-01
 -0.914199153305E-01  0.281282309406      0.111777387564E-01 -0.605333210799E-01  0.486266147851E-02  0.452204429058E-02
 -0.910366442755E-01  0.111777387564E-01  0.160477059363     -0.103125030349      0.163406104219E-01  0.657391001798E-02
  0.657887053544E-01 -0.605333210799E-01 -0.103125030349      0.861014363183E-01 -0.198224212370E-01 -0.217667767439E-02
 -0.317806623185E-01  0.486266147851E-02  0.163406104219E-01 -0.198224212370E-01  0.125027952438E-01 -0.381002193732E-02
  0.108971063559E-01  0.452204429058E-02  0.657391001798E-02 -0.217667767439E-02 -0.381002193732E-02  0.265688305365E-02
