  0.575471642265     -0.107294046003     -0.129953409395      0.470751427250E-01  0.240902684805E-01 -0.635765807225E-02
 -0.107294046003      0.273571366068     -0.280605902718E-01 -0.587090662822E-01  0.230248948604E-01 -0.396912833937E-02
 -0.129953409395     -0.280605902718E-01  0.106785536432     -0.321194144551E-01 -0.164999757490E-01  0.873103707216E-02
  0.470751427250E-01 -0.587090662822E-01 -0.321194144551E-01  0.367352478053E-01 -0.338707312258E-02 -0.403735741262E-02
  0.240902684805E-01  0.230248948604E-01 -0.164999757490E-01 -0.338707312258E-02  0.615358123194E-02 -0.854260817053E-03
 -0.635765807225E-02 -0.396912833937E-02  0.873103707216E-02 -0.403735741262E-02 -0.854260817053E-03  0.128262619740E-02
