  0.332748783142     -0.156931823528     -0.345435106527E-01  0.532350496710E-01 -0.325344137350E-01  0.128662948464E-01
 -0.156931823528      0.225469185940     -0.120509785733      0.198847326601E-01  0.560325173670E-02 -0.456271156249E-02
 -0.345435106527E-01 -0.120509785733      0.235165282379     -0.134408593508      0.453850013865E-01 -0.103945049936E-01
  0.532350496710E-01  0.198847326601E-01 -0.134408593508      0.125125320316     -0.761240760093E-01  0.278703379089E-01
 -0.325344137350E-01  0.560325173670E-02  0.453850013865E-01 -0.761240760093E-01  0.682902283496E-01 -0.292304018771E-01
  0.128662948464E-01 -0.456271156249E-02 -0.103945049936E-01  0.278703379089E-01 -0.292304018771E-01  0.132011998729E-01
