 -0.666033209472E-17 -0.104786025873E-01  0.742384139155E-02 -0.141585286864E-01  0.100028990935E-01  0.344786657648E-02
  0.104786025873E-01 -0.216320497835E-16  0.189895244365E-01 -0.798464279734E-02 -0.198499142669E-04  0.171592395952E-03
 -0.742384139155E-02 -0.189895244365E-01 -0.147442917148E-16  0.571713258136E-02 -0.422025558537E-02  0.438583287708E-03
  0.141585286864E-01  0.798464279734E-02 -0.571713258136E-02  0.890800957769E-17  0.135543815442E-03  0.123431701653E-02
 -0.100028990935E-01  0.198499142669E-04  0.422025558537E-02 -0.135543815442E-03  0.349704354774E-17 -0.143519479991E-02
 -0.344786657648E-02 -0.171592395952E-03 -0.438583287708E-03 -0.123431701653E-02  0.143519479991E-02 -0.472758051402E-17
