  0.363135241096     -0.147999382150     -0.441117090653E-01  0.578615829279E-01  0.255968701884E-02 -0.173621889600E-01
 -0.147999382150      0.271224843864     -0.132562940546     -0.140161489892E-01  0.296687657074E-01 -0.101515054444E-01
 -0.441117090653E-01 -0.132562940546      0.196290050375     -0.868450727830E-01  0.364514623841E-02  0.116813996825E-01
  0.578615829279E-01 -0.140161489892E-01 -0.868450727830E-01  0.100888707072     -0.539374217862E-01  0.156811199408E-01
  0.255968701884E-02  0.296687657074E-01  0.364514623841E-02 -0.539374217862E-01  0.539539650734E-01 -0.254261649435E-01
 -0.173621889600E-01 -0.101515054444E-01  0.116813996825E-01  0.156811199408E-01 -0.254261649435E-01  0.145071925205E-01
