 -0.836269324456E-18  0.137428232163E-01 -0.829458737420E-02 -0.456187626951E-02  0.144995771179E-01 -0.295449668875E-02
 -0.137428232163E-01  0.387932705330E-16  0.198278146944E-02  0.277049963915E-02  0.346338443507E-02 -0.667456442819E-02
  0.829458737420E-02 -0.198278146944E-02  0.326806832406E-16  0.341585212324E-02 -0.741215346868E-02  0.331310931371E-02
  0.456187626951E-02 -0.277049963915E-02 -0.341585212324E-02 -0.898438027233E-17  0.138910732081E-02  0.217593589292E-03
 -0.144995771179E-01 -0.346338443507E-02  0.741215346868E-02 -0.138910732081E-02  0.139157622120E-16 -0.371652628490E-03
  0.295449668875E-02  0.667456442819E-02 -0.331310931371E-02 -0.217593589292E-03  0.371652628490E-03 -0.389005616814E-17
