  0.589742057181     -0.124717115449     -0.101715125151      0.531379793431E-01  0.114575427691E-01 -0.130370480379E-01
 -0.124717115449      0.234997311028     -0.188649003697E-01 -0.756836448206E-01  0.157901099352E-01  0.162613974859E-01
 -0.101715125151     -0.188649003697E-01  0.100660756781     -0.286516861578E-01 -0.175551042278E-01  0.134646340720E-01
  0.531379793431E-01 -0.756836448206E-01 -0.286516861578E-01  0.511905591001E-01 -0.284157914718E-02 -0.183475372462E-01
  0.114575427691E-01  0.157901099352E-01 -0.175551042278E-01 -0.284157914718E-02  0.124469642189E-01 -0.412354426633E-02
 -0.130370480379E-01  0.162613974859E-01  0.134646340720E-01 -0.183475372462E-01 -0.412354426633E-02  0.109623516912E-01
