  0.401228249524     -0.181408261978     -0.501136041016E-01  0.742099061383E-01 -0.333775494185E-01  0.119755066075E-01
 -0.181408261978      0.232721881031     -0.752057670507E-01 -0.141251468925E-01  0.106579687204E-01 -0.335855048312E-02
 -0.501136041016E-01 -0.752057670507E-01  0.201054184340     -0.133069157525      0.481881787613E-01 -0.929880864050E-02
  0.742099061383E-01 -0.141251468925E-01 -0.133069157525      0.121885223824     -0.560411658136E-01  0.149409510975E-01
 -0.333775494185E-01  0.106579687204E-01  0.481881787613E-01 -0.560411658136E-01  0.365808131554E-01 -0.137322577108E-01
  0.119755066075E-01 -0.335855048312E-02 -0.929880864050E-02  0.149409510975E-01 -0.137322577108E-01  0.652964812628E-02
