 -0.503948619919E-17 -0.624267851541E-03  0.212608097752E-01  0.399516232394E-02 -0.224429629083E-01  0.159433719582E-02
  0.624267851541E-03  0.192519697497E-17 -0.760142875871E-02 -0.165035326625E-01  0.682057698529E-02  0.133880976430E-01
 -0.212608097752E-01  0.760142875871E-02  0.801787916636E-17  0.152953287435E-01 -0.156672545401E-02 -0.841519552304E-02
 -0.399516232394E-02  0.165035326625E-01 -0.152953287435E-01  0.115058830975E-16 -0.443302305874E-02  0.192820781817E-02
  0.224429629083E-01 -0.682057698529E-02  0.156672545401E-02  0.443302305874E-02 -0.140426132292E-17 -0.381894404710E-02
 -0.159433719582E-02 -0.133880976430E-01  0.841519552304E-02 -0.192820781817E-02  0.381894404710E-02  0.385039394995E-17
