  0.584182132082     -0.116209177317     -0.955096824026E-01  0.561851212983E-01 -0.138313115431E-01  0.580795461020E-02
 -0.116209177317      0.246932358308     -0.110654715676E-01 -0.441319744356E-01  0.185201486789E-01 -0.278043517405E-02
 -0.955096824026E-01 -0.110654715676E-01  0.101243674518     -0.334123290814E-01 -0.132417634746E-01  0.806538498453E-02
  0.561851212983E-01 -0.441319744356E-01 -0.334123290814E-01  0.453127953007E-01 -0.174473154489E-01  0.350063520293E-02
 -0.138313115431E-01  0.185201486789E-01 -0.132417634746E-01 -0.174473154489E-01  0.185952817935E-01 -0.729280950887E-02
  0.580795461020E-02 -0.278043517405E-02  0.806538498453E-02  0.350063520293E-02 -0.729280950887E-02  0.373375799794E-02
