  0.499680950717     -0.186576358123     -0.390556326287E-01  0.264993185443E-01  0.811693854833E-02 -0.179056429372E-01
 -0.186576358123      0.279112162734     -0.677128587925E-01 -0.609982146090E-01  0.404807834415E-01  0.388802936309E-03
 -0.390556326287E-01 -0.677128587925E-01  0.116880992559     -0.385213882099E-01 -0.226552446130E-01  0.179591519696E-01
  0.264993185443E-01 -0.609982146090E-01 -0.385213882099E-01  0.663562059186E-01 -0.166865759722E-01 -0.723454644984E-02
  0.811693854833E-02  0.404807834415E-01 -0.226552446130E-01 -0.166865759722E-01  0.266780610529E-01 -0.124997314833E-01
 -0.179056429372E-01  0.388802936309E-03  0.179591519696E-01 -0.723454644984E-02 -0.124997314833E-01  0.112916270186E-01
