 -0.120338098401E-16  0.181373370856E-01  0.439166675196E-02 -0.693208439053E-02  0.745522129199E-02 -0.205941858961E-02
 -0.181373370856E-01  0.276220902025E-16  0.449671515478E-03  0.321018634030E-02 -0.181864447169E-01  0.208218950783E-01
 -0.439166675196E-02 -0.449671515478E-03 -0.142178820887E-16  0.191402694869E-02 -0.214497908401E-02  0.142609324014E-04
  0.693208439053E-02 -0.321018634030E-02 -0.191402694869E-02 -0.237392950939E-16  0.294816886483E-02 -0.373481234022E-02
 -0.745522129199E-02  0.181864447169E-01  0.214497908401E-02 -0.294816886483E-02 -0.139181074664E-17  0.452161096209E-03
  0.205941858961E-02 -0.208218950783E-01 -0.142609324014E-04  0.373481234022E-02 -0.452161096209E-03  0.623995151408E-17
