 -0.539465828822E-16  0.109653129036E-01 -0.122563968539E-01  0.551802132313E-02 -0.193746036426E-02  0.513440274957E-02
 -0.109653129036E-01  0.398527892731E-16 -0.143393249144E-01  0.818268940357E-02 -0.112682891098E-01  0.240973861087E-02
  0.122563968539E-01  0.143393249144E-01 -0.161421712395E-15  0.367938475856E-02 -0.241834645568E-02  0.832146166505E-03
 -0.551802132313E-02 -0.818268940357E-02 -0.367938475856E-02 -0.123181348662E-15  0.378281943132E-02 -0.188061560340E-02
  0.193746036426E-02  0.112682891098E-01  0.241834645568E-02 -0.378281943132E-02 -0.525531287118E-17  0.903680301914E-04
 -0.513440274957E-02 -0.240973861087E-02 -0.832146166505E-03  0.188061560340E-02 -0.903680301914E-04 -0.325220694930E-16
