 -0.626759096247E-17  0.164107963383E-01 -0.150676428071E-02 -0.176490362701E-01  0.791413375637E-02 -0.970807714003E-03
 -0.164107963383E-01 -0.599672268558E-17  0.232332730735E-01 -0.191615879186E-01  0.724513087503E-02  0.460112183649E-03
  0.150676428071E-02 -0.232332730735E-01  0.168540261176E-17  0.349669619795E-02 -0.780846331629E-03  0.941608678145E-03
  0.176490362701E-01  0.191615879186E-01 -0.349669619795E-02  0.154545400203E-16 -0.379086363978E-02  0.135349546791E-02
 -0.791413375637E-02 -0.724513087503E-02  0.780846331629E-03  0.379086363978E-02 -0.655350747696E-17 -0.906405230584E-03
  0.970807714003E-03 -0.460112183649E-03 -0.941608678145E-03 -0.135349546791E-02  0.906405230584E-03 -0.149083360210E-17
