  0.472998118882     -0.139207376308     -0.778062411460E-01  0.359019249473E-01  0.164561432654E-01 -0.121035177520E-01
 -0.139207376308      0.268078674758     -0.786752598050E-01 -0.609785777264E-01  0.362973903687E-01  0.306179929000E-02
 -0.778062411460E-01 -0.786752598050E-01  0.164549390722     -0.444815558257E-01 -0.410280284550E-01  0.298475855173E-01
  0.359019249473E-01 -0.609785777264E-01 -0.444815558257E-01  0.614064624063E-01 -0.789612192133E-02 -0.147030139990E-01
  0.164561432654E-01  0.362973903687E-01 -0.410280284550E-01 -0.789612192133E-02  0.239447245974E-01 -0.887105999700E-02
 -0.121035177520E-01  0.306179929000E-02  0.298475855173E-01 -0.147030139990E-01 -0.887105999700E-02  0.902262863420E-02
