  0.260604759300     -0.153460416593      0.224298174635E-01 -0.520963616171E-02  0.112618407540E-01 -0.638239902843E-02
 -0.153460416593      0.579751503405     -0.202794301521      0.146368660324E-01 -0.929564646331E-02  0.205120842691E-02
  0.224298174635E-01 -0.202794301521      0.133876390863     -0.407559424107E-01  0.791346789756E-02  0.108771757511E-04
 -0.520963616171E-02  0.146368660324E-01 -0.407559424107E-01  0.232194446320E-01 -0.479240466039E-02  0.455123887297E-03
  0.112618407540E-01 -0.929564646331E-02  0.791346789756E-02 -0.479240466039E-02  0.208634521010E-02 -0.725833958579E-03
 -0.638239902843E-02  0.205120842691E-02  0.108771757511E-04  0.455123887297E-03 -0.725833958579E-03  0.461556590109E-03
