  0.122698942294E-16  0.589631638667E-02  0.190253603444E-01 -0.229239541249E-01  0.871023863913E-02  0.513879131310E-03
 -0.589631638667E-02  0.834735764829E-17 -0.104967811518E-01  0.295300291243E-02 -0.301496185737E-02 -0.338167394541E-02
 -0.190253603444E-01  0.104967811518E-01 -0.340110423329E-16  0.148027182935E-01 -0.113075822617E-01  0.560534919571E-02
  0.229239541249E-01 -0.295300291243E-02 -0.148027182935E-01 -0.976818448204E-17  0.673811375623E-02 -0.409966044816E-02
 -0.871023863913E-02  0.301496185737E-02  0.113075822617E-01 -0.673811375623E-02 -0.124322347953E-17  0.146366565449E-02
 -0.513879131310E-03  0.338167394541E-02 -0.560534919571E-02  0.409966044816E-02 -0.146366565449E-02 -0.916079488588E-17
