  0.302288655734E-17 -0.215166940903E-01 -0.117676127026E-02 -0.635242340734E-02 -0.473561080494E-02 -0.654789614522E-03
  0.215166940903E-01 -0.793553836181E-17  0.433653040970E-01 -0.550846878495E-02 -0.124964193198E-01  0.418310322130E-02
  0.117676127026E-02 -0.433653040970E-01  0.887997108411E-17 -0.235984313172E-01  0.503407467967E-02 -0.378760842855E-02
  0.635242340734E-02  0.550846878495E-02  0.235984313172E-01  0.470200803513E-17 -0.371623018952E-02  0.112000288196E-02
  0.473561080494E-02  0.124964193198E-01 -0.503407467967E-02  0.371623018952E-02 -0.538441826436E-18  0.183677677675E-03
  0.654789614522E-03 -0.418310322130E-02  0.378760842855E-02 -0.112000288196E-02 -0.183677677675E-03 -0.307867431342E-18
