  0.294207396135     -0.315320900889      0.148127294105     -0.282985590998E-01 -0.134295675633E-02 -0.704225741558E-03
 -0.315320900889      0.426191302452     -0.263584994754      0.970554469653E-01 -0.247382663720E-01  0.435861063234E-02
  0.148127294105     -0.263584994754      0.210231931280     -0.102630714698      0.329074142426E-01 -0.433352102822E-02
 -0.282985590998E-01  0.970554469653E-01 -0.102630714698      0.608450676224E-01 -0.217332373732E-01  0.250535270577E-02
 -0.134295675633E-02 -0.247382663720E-01  0.329074142426E-01 -0.217332373732E-01  0.835618385083E-02 -0.985670995505E-03
 -0.704225741558E-03  0.435861063234E-02 -0.433352102822E-02  0.250535270577E-02 -0.985670995505E-03  0.168118659589E-03
