  0.768481092985E-17  0.145479702435E-01  0.652374921046E-02 -0.184107145328E-01  0.114545984684E-01  0.359068853436E-03
 -0.145479702435E-01  0.191327722081E-16  0.458695354060E-02 -0.596964288597E-02 -0.484927389371E-02  0.632740778914E-02
 -0.652374921046E-02 -0.458695354060E-02  0.310445226868E-16  0.158373901789E-01 -0.103985053331E-02 -0.123489912387E-02
  0.184107145328E-01  0.596964288597E-02 -0.158373901789E-01  0.213695277194E-16 -0.135305210303E-02 -0.156286159100E-02
 -0.114545984684E-01  0.484927389371E-02  0.103985053331E-02  0.135305210303E-02 -0.939319899752E-18 -0.125123048697E-02
 -0.359068853436E-03 -0.632740778914E-02  0.123489912387E-02  0.156286159100E-02  0.125123048697E-02  0.453515389099E-17
