 -0.214444564798E-16  0.850590436739E-03 -0.232209126977E-02 -0.985113481975E-03 -0.155778868416E-01 -0.379956883959E-02
 -0.850590436739E-03 -0.739127869254E-17  0.725820021526E-02 -0.344793021979E-02  0.169187042078E-02  0.600393538796E-03
  0.232209126977E-02 -0.725820021526E-02  0.443198199510E-17 -0.378839535840E-02 -0.249124888262E-02 -0.247255945848E-02
  0.985113481975E-03  0.344793021979E-02  0.378839535840E-02  0.123550637118E-17 -0.707522021658E-03 -0.454804434169E-04
  0.155778868416E-01 -0.169187042078E-02  0.249124888262E-02  0.707522021658E-03 -0.421264588694E-18 -0.144033700135E-03
  0.379956883959E-02 -0.600393538796E-03  0.247255945848E-02  0.454804434169E-04  0.144033700135E-03 -0.494485422421E-19
