 -0.114352466638E-16  0.119135508393E-01 -0.434458728632E-02  0.554213187039E-02 -0.155971842269E-01  0.409090559087E-02
 -0.119135508393E-01 -0.319827695509E-17  0.311242456814E-01 -0.148079870744E-01 -0.108755145981E-01  0.523144185396E-02
  0.434458728632E-02 -0.311242456814E-01 -0.112307560196E-16 -0.592753103245E-02  0.681707304196E-02 -0.179266363292E-02
 -0.554213187039E-02  0.148079870744E-01  0.592753103245E-02 -0.347093114747E-17 -0.554996414373E-02  0.140623437290E-02
  0.155971842269E-01  0.108755145981E-01 -0.681707304196E-02  0.554996414373E-02 -0.173113772941E-17 -0.276063275187E-03
 -0.409090559087E-02 -0.523144185396E-02  0.179266363292E-02 -0.140623437290E-02  0.276063275187E-03 -0.148769648621E-18
