  0.335901309409E-16  0.146048244043E-01  0.740188770237E-02  0.249763028832E-02  0.448240923807E-03 -0.378335778467E-02
 -0.146048244043E-01 -0.379626101451E-17 -0.128943342694E-01  0.177689921692E-01 -0.176849045968E-01  0.121119661228E-01
 -0.740188770237E-02  0.128943342694E-01 -0.290530179682E-17  0.924619135941E-03 -0.951093090890E-02  0.672451846223E-02
 -0.249763028832E-02 -0.177689921692E-01 -0.924619135941E-03  0.137130244810E-16  0.993385609988E-02 -0.821561893452E-02
 -0.448240923807E-03  0.176849045968E-01  0.951093090890E-02 -0.993385609988E-02  0.720514845611E-17  0.230383550975E-02
  0.378335778467E-02 -0.121119661228E-01 -0.672451846223E-02  0.821561893452E-02 -0.230383550975E-02  0.254039891749E-17
