  0.605961782896      0.452594729631E-02 -0.685171410158E-01  0.360201742535E-01  0.821355565552E-02 -0.713228040766E-02
  0.452594729631E-02  0.300655312904     -0.101598045014      0.699918496955E-02 -0.818197128846E-02  0.277276022177E-03
 -0.685171410158E-01 -0.101598045014      0.787367734189E-01 -0.167891522571E-01 -0.443956911311E-02  0.412541504038E-02
  0.360201742535E-01  0.699918496955E-02 -0.167891522571E-01  0.122594332006E-01  0.686384111411E-03 -0.223294395861E-02
  0.821355565552E-02 -0.818197128846E-02 -0.443956911311E-02  0.686384111411E-03  0.176185670152E-02 -0.570962513195E-03
 -0.713228040766E-02  0.277276022177E-03  0.412541504038E-02 -0.223294395861E-02 -0.570962513195E-03  0.624840879691E-03
