 -0.144365915251E-16  0.155241388100E-01 -0.916988848999E-02 -0.152922497247E-01  0.144504494150E-01  0.178832222741E-02
 -0.155241388100E-01 -0.264834588454E-16 -0.914783404675E-02  0.187969360917E-01  0.156741534477E-01 -0.151450941297E-01
  0.916988848999E-02  0.914783404675E-02  0.233844899471E-16  0.109328854591E-01 -0.125415836822E-01  0.288509098532E-02
  0.152922497247E-01 -0.187969360917E-01 -0.109328854591E-01 -0.157493491833E-16 -0.304509145789E-02  0.870317829498E-03
 -0.144504494150E-01 -0.156741534477E-01  0.125415836822E-01  0.304509145789E-02  0.630273384619E-17 -0.335245056580E-02
 -0.178832222741E-02  0.151450941297E-01 -0.288509098532E-02 -0.870317829498E-03  0.335245056580E-02 -0.275604253918E-17
