  0.470598231342     -0.128328298748     -0.845673892834E-01  0.360699281343E-01  0.102435450626E-01 -0.114762970376E-01
 -0.128328298748      0.285569325587     -0.568767801485E-01 -0.870428680439E-01  0.322154003285E-01  0.945178756677E-02
 -0.845673892834E-01 -0.568767801485E-01  0.149105498542     -0.500279811474E-01 -0.298802576885E-01  0.305626403648E-01
  0.360699281343E-01 -0.870428680439E-01 -0.500279811474E-01  0.724731482448E-01 -0.165260844178E-02 -0.217755428439E-01
  0.102435450626E-01  0.322154003285E-01 -0.298802576885E-01 -0.165260844178E-02  0.121591507260E-01 -0.581671541776E-02
 -0.114762970376E-01  0.945178756677E-02  0.305626403648E-01 -0.217755428439E-01 -0.581671541776E-02  0.100946455571E-01
