  0.488637227974     -0.200994520540     -0.249857593696E-01  0.453148806865E-01 -0.244516618354E-01 -0.185388423380E-02
 -0.200994520540      0.291833793934     -0.609434935461E-01 -0.441768792843E-01  0.399821550816E-01 -0.105060191608E-01
 -0.249857593696E-01 -0.609434935461E-01  0.954858207981E-01 -0.533436407017E-01  0.155287157532E-03  0.106072417065E-01
  0.453148806865E-01 -0.441768792843E-01 -0.533436407017E-01  0.763074865485E-01 -0.353807948033E-01  0.770060480234E-02
 -0.244516618354E-01  0.399821550816E-01  0.155287157532E-03 -0.353807948033E-01  0.360422497766E-01 -0.176809269952E-01
 -0.185388423380E-02 -0.105060191608E-01  0.106072417065E-01  0.770060480234E-02 -0.176809269952E-01  0.116934209684E-01
