  0.443716509589     -0.390303071787      0.888304462717E-01 -0.490652514910E-02 -0.577220111755E-02  0.511710718946E-02
 -0.390303071787      0.440853781962     -0.121552135315      0.115771151560E-01  0.383272086594E-02 -0.375172831131E-02
  0.888304462717E-01 -0.121552135315      0.104118501970     -0.295710143139E-01  0.637406547201E-02 -0.241576097127E-02
 -0.490652514910E-02  0.115771151560E-01 -0.295710143139E-01  0.102027612267E-01 -0.267039735386E-02  0.116001618055E-02
 -0.577220111755E-02  0.383272086594E-02  0.637406547201E-02 -0.267039735386E-02  0.872902100913E-03 -0.419621989871E-03
  0.511710718946E-02 -0.375172831131E-02 -0.241576097127E-02  0.116001618055E-02 -0.419621989871E-03  0.235543151656E-03
