  0.201488731097E-16  0.557574683070E-02  0.116441274253E-01 -0.946999313168E-02  0.187345170416E-02  0.157625995272E-02
 -0.557574683070E-02 -0.549217253284E-16  0.177166822647E-02 -0.601503860637E-02 -0.300115329331E-02  0.301143058866E-02
 -0.116441274253E-01 -0.177166822647E-02  0.354902074762E-17  0.123492232155E-01 -0.104924476454E-01  0.833619529600E-02
  0.946999313168E-02  0.601503860637E-02 -0.123492232155E-01  0.383910914560E-16  0.104139966319E-02 -0.801587905084E-03
 -0.187345170416E-02  0.300115329331E-02  0.104924476454E-01 -0.104139966319E-02 -0.196328807315E-17 -0.266696579438E-02
 -0.157625995272E-02 -0.301143058866E-02 -0.833619529600E-02  0.801587905084E-03  0.266696579438E-02 -0.550562294391E-17
