  0.599949998051     -0.993691432907E-01 -0.957306440159E-01  0.421205935619E-01  0.102092880839E-01 -0.112458785488E-01
 -0.993691432907E-01  0.248659588641     -0.257481952133E-01 -0.637864373633E-01  0.195137380537E-01  0.139987414996E-02
 -0.957306440159E-01 -0.257481952133E-01  0.112109199807     -0.352056290886E-01 -0.166341103061E-01  0.118288351748E-01
  0.421205935619E-01 -0.637864373633E-01 -0.352056290886E-01  0.338601134753E-01  0.810032357861E-04 -0.497856423658E-02
  0.102092880839E-01  0.195137380537E-01 -0.166341103061E-01  0.810032357861E-04  0.397147733340E-02 -0.157103782977E-02
 -0.112458785488E-01  0.139987414996E-02  0.118288351748E-01 -0.497856423658E-02 -0.157103782977E-02  0.144962269155E-02
