 -0.295549647055E-17  0.199216992589E-01 -0.660093043817E-02 -0.152272804661E-01  0.156242125105E-01  0.521914179821E-02
 -0.199216992589E-01 -0.113894052445E-17  0.677986504097E-02  0.160896267751E-02 -0.554311271579E-02 -0.950893852870E-03
  0.660093043817E-02 -0.677986504097E-02 -0.777577047609E-17  0.627013552153E-02 -0.460008190786E-02  0.321189774051E-02
  0.152272804661E-01 -0.160896267751E-02 -0.627013552153E-02 -0.116611425369E-17  0.188053955072E-02 -0.917262065974E-03
 -0.156242125105E-01  0.554311271579E-02  0.460008190786E-02 -0.188053955072E-02  0.211106890754E-18 -0.156541726972E-03
 -0.521914179821E-02  0.950893852870E-03 -0.321189774051E-02  0.917262065974E-03  0.156541726972E-03  0.156288211533E-18
