 -0.187103221578E-16  0.138535554337E-01  0.103677157917E-01  0.211273079183E-01 -0.783636016107E-02 -0.551361633663E-02
 -0.138535554337E-01 -0.158175205759E-16 -0.614958025555E-02 -0.478945112027E-02 -0.989456142436E-02  0.165021534195E-01
 -0.103677157917E-01  0.614958025555E-02 -0.256052749189E-16  0.225529963478E-02 -0.322340411870E-02 -0.217674721978E-02
 -0.211273079183E-01  0.478945112027E-02 -0.225529963478E-02 -0.254778854915E-17  0.974715913992E-02 -0.668038736586E-02
  0.783636016107E-02  0.989456142436E-02  0.322340411870E-02 -0.974715913992E-02  0.942681763184E-17  0.257046408023E-02
  0.551361633663E-02 -0.165021534195E-01  0.217674721978E-02  0.668038736586E-02 -0.257046408023E-02  0.964377775048E-17
