  0.619215688211      0.175895436289E-01 -0.117272785245      0.413501191278E-01  0.108473620407E-01 -0.546108060020E-02
  0.175895436289E-01  0.305204294780     -0.569797070493E-01 -0.755174421129E-02 -0.174606344537E-03 -0.973244591864E-03
 -0.117272785245     -0.569797070493E-01  0.523876362793E-01 -0.135336708812E-01 -0.112036397256E-01  0.551370097890E-02
  0.413501191278E-01 -0.755174421129E-02 -0.135336708812E-01  0.155106271048E-01 -0.525413985692E-03 -0.170836273549E-02
  0.108473620407E-01 -0.174606344537E-03 -0.112036397256E-01 -0.525413985692E-03  0.667622160411E-02 -0.211903284206E-02
 -0.546108060020E-02 -0.973244591864E-03  0.551370097890E-02 -0.170836273549E-02 -0.211903284206E-02  0.100553202008E-02
