 -0.833001310217E-17  0.242610515239E-01 -0.140520574273E-01 -0.282274011496E-01  0.124280477269E-01 -0.419566745092E-02
 -0.242610515239E-01 -0.603490700027E-18 -0.186134666678E-02  0.438857210554E-02 -0.115443049090E-02  0.409215759121E-03
  0.140520574273E-01  0.186134666678E-02 -0.358244132610E-18 -0.890805039192E-02  0.302558064215E-02 -0.734375825869E-03
  0.282274011496E-01 -0.438857210554E-02  0.890805039192E-02  0.421857576718E-18 -0.179922811882E-02  0.680939930411E-03
 -0.124280477269E-01  0.115443049090E-02 -0.302558064215E-02  0.179922811882E-02 -0.222647054379E-18 -0.856164898988E-04
  0.419566745092E-02 -0.409215759121E-03  0.734375825869E-03 -0.680939930411E-03  0.856164898988E-04 -0.256598637624E-19
