 -0.919600645629E-17 -0.700294366588E-03  0.622087127305E-02  0.167621069287E-01  0.337061842917E-02 -0.909069536161E-02
  0.700294366588E-03 -0.417749618629E-17  0.170819843904E-01 -0.119943879208E-02 -0.922113573425E-02  0.222736103619E-02
 -0.622087127305E-02 -0.170819843904E-01  0.604335256872E-17  0.154830889896E-02 -0.572728530502E-02  0.417107220682E-02
 -0.167621069287E-01  0.119943879208E-02 -0.154830889896E-02 -0.441877071850E-17  0.131701785793E-02  0.405736693081E-03
 -0.337061842917E-02  0.922113573425E-02  0.572728530502E-02 -0.131701785793E-02  0.408558207878E-17 -0.108289580518E-02
  0.909069536161E-02 -0.222736103619E-02 -0.417107220682E-02 -0.405736693081E-03  0.108289580518E-02  0.219732163264E-19
