 -0.160550299264E-16  0.256092095503E-02  0.254041884212E-02 -0.204119296391E-01  0.162831596966E-01  0.801136801772E-02
 -0.256092095503E-02 -0.107609515855E-16  0.110075061807E-01 -0.566020664224E-02  0.250027003924E-02 -0.372333287814E-02
 -0.254041884212E-02 -0.110075061807E-01 -0.287435384543E-16  0.121611669721E-01 -0.816600754165E-03 -0.423056528273E-02
  0.204119296391E-01  0.566020664224E-02 -0.121611669721E-01  0.290772113717E-17 -0.356568390171E-02  0.928567472426E-03
 -0.162831596966E-01 -0.250027003924E-02  0.816600754165E-03  0.356568390171E-02  0.137640078419E-16 -0.463152254217E-03
 -0.801136801772E-02  0.372333287814E-02  0.423056528273E-02 -0.928567472426E-03  0.463152254217E-03 -0.152983074174E-17
