  0.632413906565E-17  0.266957440940E-01  0.165426650743E-02  0.297792542149E-02 -0.163311274686E-02 -0.341586036126E-02
 -0.266957440940E-01 -0.228892908734E-16 -0.193460885505E-01  0.239066644816E-01 -0.172479030336E-01  0.415451141929E-02
 -0.165426650743E-02  0.193460885505E-01 -0.433964121477E-16  0.161916241364E-01 -0.158620452550E-01  0.754904772064E-02
 -0.297792542149E-02 -0.239066644816E-01 -0.161916241364E-01 -0.596121533416E-17  0.799679987712E-02 -0.263050444834E-02
  0.163311274686E-02  0.172479030336E-01  0.158620452550E-01 -0.799679987712E-02 -0.322249247322E-16  0.121475647659E-03
  0.341586036126E-02 -0.415451141929E-02 -0.754904772064E-02  0.263050444834E-02 -0.121475647659E-03 -0.186249370285E-16
