 -0.769406072816E-17 -0.160496989371E-01  0.159339901638E-01 -0.864574356878E-03  0.696273103831E-02 -0.532345671012E-02
  0.160496989371E-01  0.825676491225E-17  0.210272411663E-01 -0.167043168112E-01  0.384351337296E-02 -0.547390552956E-03
 -0.159339901638E-01 -0.210272411663E-01  0.111296666762E-16  0.620366485129E-02 -0.440301254785E-02  0.181466200275E-02
  0.864574356878E-03  0.167043168112E-01 -0.620366485129E-02 -0.827938618598E-17 -0.279360778860E-02  0.158621643771E-02
 -0.696273103831E-02 -0.384351337296E-02  0.440301254785E-02  0.279360778860E-02  0.208115718336E-17 -0.427793388831E-03
  0.532345671012E-02  0.547390552956E-03 -0.181466200275E-02 -0.158621643771E-02  0.427793388831E-03  0.246642575161E-17
