  0.991230795322     -0.328848497836E-01  0.225414002150E-01 -0.316327832772E-02 -0.645540793170E-02  0.131911757273E-02
 -0.328848497836E-01  0.799032725843E-02 -0.939924455153E-03  0.208636538565E-03  0.140449913162E-03 -0.178435769263E-03
  0.225414002150E-01 -0.939924455153E-03  0.644855176170E-03 -0.113196057431E-03 -0.152914199819E-03  0.393111464745E-04
 -0.316327832772E-02  0.208636538565E-03 -0.113196057431E-03  0.585253828044E-04  0.119750994591E-04 -0.370692655978E-04
 -0.645540793170E-02  0.140449913162E-03 -0.152914199819E-03  0.119750994591E-04  0.462989544787E-04  0.958243966207E-06
  0.131911757273E-02 -0.178435769263E-03  0.393111464745E-04 -0.370692655978E-04  0.958243966207E-06  0.291979063787E-04
