  0.338631678844     -0.117156559110     -0.435407341714E-01 -0.332138907961E-02  0.387342913423E-01 -0.222156213993E-01
 -0.117156559110      0.292477808289     -0.961635392180E-01 -0.558797946829E-01  0.531587570593E-01 -0.207377562622E-01
 -0.435407341714E-01 -0.961635392180E-01  0.172845205013     -0.684435853136E-01 -0.253387053833E-01  0.338696302505E-01
 -0.332138907961E-02 -0.558797946829E-01 -0.684435853136E-01  0.115138743967     -0.558289907315E-01  0.760864637511E-02
  0.387342913423E-01  0.531587570593E-01 -0.253387053833E-01 -0.558289907315E-01  0.637018764191E-01 -0.283218489484E-01
 -0.222156213993E-01 -0.207377562622E-01  0.338696302505E-01  0.760864637511E-02 -0.283218489484E-01  0.172046874679E-01
