  0.489757147097     -0.514683967434E-01 -0.130419494248      0.371880552574E-01  0.250049516503E-01 -0.130699479046E-01
 -0.514683967434E-01  0.266049712781     -0.227271090528E-01 -0.829888920677E-01  0.272243253206E-01  0.178861944512E-02
 -0.130419494248     -0.227271090528E-01  0.190978312395     -0.448700587313E-01 -0.361704830574E-01  0.160422083984E-01
  0.371880552574E-01 -0.829888920677E-01 -0.448700587313E-01  0.423072664374E-01 -0.681085661871E-04 -0.517198741149E-02
  0.250049516503E-01  0.272243253206E-01 -0.361704830574E-01 -0.681085661871E-04  0.941178334245E-02 -0.275036429186E-02
 -0.130699479046E-01  0.178861944512E-02  0.160422083984E-01 -0.517198741149E-02 -0.275036429186E-02  0.149577794623E-02
