  0.501276070693     -0.212999001743     -0.343089553320E-01  0.587926182396E-01 -0.229050323991E-01  0.228692634525E-02
 -0.212999001743      0.284617501484     -0.624273172605E-01 -0.325081179340E-01  0.241259096871E-01 -0.416381263184E-02
 -0.343089553320E-01 -0.624273172605E-01  0.105552231826     -0.526260450509E-01  0.796011256735E-02  0.184863466229E-03
  0.587926182396E-01 -0.325081179340E-01 -0.526260450509E-01  0.625997170967E-01 -0.368170882753E-01  0.131077465948E-01
 -0.229050323991E-01  0.241259096871E-01  0.796011256735E-02 -0.368170882753E-01  0.378289044064E-01 -0.169101138990E-01
  0.228692634525E-02 -0.416381263184E-02  0.184863466229E-03  0.131077465948E-01 -0.169101138990E-01  0.812557449398E-02
