  0.231758823870     -0.208537400139      0.822585026548E-01 -0.246052793342E-01  0.474413674978E-02 -0.364021143300E-02
 -0.208537400139      0.425843135064     -0.292801111361      0.121812084559     -0.359795512561E-01  0.824643703355E-02
  0.822585026548E-01 -0.292801111361      0.259625100429     -0.128015181234      0.369013973321E-01 -0.448873494175E-02
 -0.246052793342E-01  0.121812084559     -0.128015181234      0.750993559026E-01 -0.218864761858E-01  0.179465993643E-02
  0.474413674978E-02 -0.359795512561E-01  0.369013973321E-01 -0.218864761858E-01  0.734638474448E-02 -0.817211104935E-03
 -0.364021143300E-02  0.824643703355E-02 -0.448873494175E-02  0.179465993643E-02 -0.817211104935E-03  0.327199989982E-03
