 -0.685475702504E-17 -0.180910286027E-01  0.754286019266E-02 -0.265903123890E-02  0.175659766010E-01 -0.732674954101E-02
  0.180910286027E-01  0.266990536205E-17  0.169548636863E-01  0.200416338707E-02 -0.176024933874E-01  0.262545965487E-02
 -0.754286019266E-02 -0.169548636863E-01 -0.878218870494E-17  0.103313718056E-01 -0.103323398055E-01  0.313016752461E-02
  0.265903123890E-02 -0.200416338707E-02 -0.103313718056E-01 -0.280190068332E-16 -0.459089050716E-02  0.339201935729E-02
 -0.175659766010E-01  0.176024933874E-01  0.103323398055E-01  0.459089050716E-02 -0.797971714950E-17 -0.130864242756E-02
  0.732674954101E-02 -0.262545965487E-02 -0.313016752461E-02 -0.339201935729E-02  0.130864242756E-02  0.189438597625E-17
