  0.875452186484     -0.322081817674      0.254200244387E-01 -0.347065606369E-02  0.196820034751E-02  0.147838599918E-02
 -0.322081817674      0.122347872919     -0.110310644775E-01  0.114143563702E-02 -0.622108412037E-03 -0.554659878660E-03
  0.254200244387E-01 -0.110310644775E-01  0.198259541820E-02 -0.348127730958E-03  0.249647707430E-04  0.729125850389E-04
 -0.347065606369E-02  0.114143563702E-02 -0.348127730958E-03  0.202925974239E-03 -0.190302727608E-04 -0.212751366879E-04
  0.196820034751E-02 -0.622108412037E-03  0.249647707430E-04 -0.190302727608E-04  0.863861128132E-05  0.248746736155E-05
  0.147838599918E-02 -0.554659878660E-03  0.729125850389E-04 -0.212751366879E-04  0.248746736155E-05  0.578059305162E-05
