  0.519492217837     -0.169820630872     -0.488900794678E-01  0.267313402730E-01 -0.404973457465E-02  0.107325783109E-01
 -0.169820630872      0.289302548203     -0.944264989488E-01 -0.290118046894E-01  0.357044423536E-01 -0.173022554784E-01
 -0.488900794678E-01 -0.944264989488E-01  0.110470711410     -0.380371325505E-02 -0.348979148073E-01  0.184453017809E-01
  0.267313402730E-01 -0.290118046894E-01 -0.380371325505E-02  0.309326036518E-01 -0.260701421852E-01  0.938612516518E-02
 -0.404973457465E-02  0.357044423536E-01 -0.348979148073E-01 -0.260701421852E-01  0.410233223421E-01 -0.179077078656E-01
  0.107325783109E-01 -0.173022554784E-01  0.184453017809E-01  0.938612516518E-02 -0.179077078656E-01  0.877859655632E-02
