  0.524386358161     -0.129430569418     -0.996191198929E-01  0.474188539941E-01  0.657367000161E-02 -0.200059568216E-01
 -0.129430569418      0.257811451933     -0.584508931689E-01 -0.621158670542E-01  0.293995280580E-01  0.740953254650E-02
 -0.996191198929E-01 -0.584508931689E-01  0.134531225991     -0.313311225025E-01 -0.388071176920E-01  0.269865061440E-01
  0.474188539941E-01 -0.621158670542E-01 -0.313311225025E-01  0.527407982118E-01 -0.520030989380E-02 -0.124084793513E-01
  0.657367000161E-02  0.293995280580E-01 -0.388071176920E-01 -0.520030989380E-02  0.218967601770E-01 -0.954379398909E-02
 -0.200059568216E-01  0.740953254650E-02  0.269865061440E-01 -0.124084793513E-01 -0.954379398909E-02  0.863340552584E-02
