  0.481087781193     -0.120430600415     -0.106924521452      0.430745572802E-01  0.247099955766E-01 -0.153029965074E-01
 -0.120430600415      0.278634045441     -0.415845338104E-01 -0.937047789884E-01  0.396671326502E-01  0.454327656647E-02
 -0.106924521452     -0.415845338104E-01  0.139496926485     -0.469253369037E-01 -0.350014396165E-01  0.304352418541E-01
  0.430745572802E-01 -0.937047789884E-01 -0.469253369037E-01  0.746439033862E-01 -0.378844963042E-02 -0.209763438010E-01
  0.247099955766E-01  0.396671326502E-01 -0.350014396165E-01 -0.378844963042E-02  0.158238357302E-01 -0.656657102256E-02
 -0.153029965074E-01  0.454327656647E-02  0.304352418541E-01 -0.209763438010E-01 -0.656657102256E-02  0.103135077641E-01
