 -0.676709989791E-16  0.964845379777E-02 -0.400634557557E-01  0.104879830126E-01 -0.100141829634E-01  0.242805398775E-02
 -0.964845379777E-02 -0.841546238238E-16  0.562764486519E-01  0.204037104108E-02 -0.799135474485E-02  0.279981998965E-02
  0.400634557557E-01 -0.562764486519E-01 -0.506509986589E-16 -0.316510744400E-01  0.912119471144E-02 -0.212582618663E-02
 -0.104879830126E-01 -0.204037104108E-02  0.316510744400E-01 -0.199700654353E-18 -0.388625457483E-02  0.525181335256E-03
  0.100141829634E-01  0.799135474485E-02 -0.912119471144E-02  0.388625457483E-02 -0.641602358729E-17  0.254993244369E-04
 -0.242805398775E-02 -0.279981998965E-02  0.212582618663E-02 -0.525181335256E-03 -0.254993244369E-04  0.100970443026E-18
