 -0.157168094274E-16 -0.195596288540E-01 -0.360449945419E-02  0.594300860753E-02 -0.529421237975E-02  0.892657595559E-02
  0.195596288540E-01 -0.216006740023E-17  0.176805208622E-01  0.215520280341E-02 -0.109591563637E-01  0.319569958210E-03
  0.360449945419E-02 -0.176805208622E-01  0.638743857000E-17 -0.766985280750E-03  0.125647118422E-02  0.239590239414E-02
 -0.594300860753E-02 -0.215520280341E-02  0.766985280750E-03 -0.874628517884E-18  0.202282115513E-02 -0.117151726816E-02
  0.529421237975E-02  0.109591563637E-01 -0.125647118422E-02 -0.202282115513E-02  0.255099984383E-18 -0.112163398668E-03
 -0.892657595559E-02 -0.319569958210E-03 -0.239590239414E-02  0.117151726816E-02  0.112163398668E-03  0.127508579856E-17
