  0.442403929493     -0.152066737242     -0.371372441516E-01  0.242640172335E-01  0.123734587510E-01 -0.980557576195E-02
 -0.152066737242      0.280930729492     -0.134260693356     -0.151350766970E-01  0.359881685352E-01 -0.194170786482E-01
 -0.371372441516E-01 -0.134260693356      0.172326919529     -0.408734539709E-01 -0.237154554507E-01  0.200419133319E-01
  0.242640172335E-01 -0.151350766970E-01 -0.408734539709E-01  0.489541417790E-01 -0.303708443361E-01  0.112442508541E-01
  0.123734587510E-01  0.359881685352E-01 -0.237154554507E-01 -0.303708443361E-01  0.434939065945E-01 -0.219833897068E-01
 -0.980557576195E-02 -0.194170786482E-01  0.200419133319E-01  0.112442508541E-01 -0.219833897068E-01  0.118903731123E-01
