  0.819813556887E-17  0.715434193902E-02 -0.193165902579E-02 -0.213480207260E-02 -0.168387017175E-02 -0.156665846136E-02
 -0.715434193902E-02 -0.318079234540E-17 -0.293347865561E-02 -0.151272239835E-02 -0.166536225668E-02  0.268938347970E-02
  0.193165902579E-02  0.293347865561E-02  0.189469935377E-16 -0.456291651408E-02  0.305782627557E-02 -0.930002073349E-03
  0.213480207260E-02  0.151272239835E-02  0.456291651408E-02  0.982773814374E-17 -0.217007527076E-02  0.900429473028E-03
  0.168387017175E-02  0.166536225668E-02 -0.305782627557E-02  0.217007527076E-02  0.192618747598E-17 -0.348149722740E-03
  0.156665846136E-02 -0.268938347970E-02  0.930002073349E-03 -0.900429473028E-03  0.348149722740E-03  0.399444050335E-18
