  0.418638161717     -0.395118268027      0.130912736133     -0.175424221879E-01  0.179586195468E-02 -0.101713049539E-02
 -0.395118268027      0.455373531838     -0.186569357132      0.415509008680E-01 -0.735182245384E-02 -0.217793262640E-02
  0.130912736133     -0.186569357132      0.109396928608     -0.348960803749E-01  0.486789844470E-02  0.180119656699E-02
 -0.175424221879E-01  0.415509008680E-01 -0.348960803749E-01  0.139510303340E-01 -0.236294004909E-02 -0.535040670055E-03
  0.179586195468E-02 -0.735182245384E-02  0.486789844470E-02 -0.236294004909E-02  0.222438333393E-02 -0.516538460464E-03
 -0.101713049539E-02 -0.217793262640E-02  0.180119656699E-02 -0.535040670055E-03 -0.516538460464E-03  0.415964168864E-03
