 -0.440962931395E-17  0.118107475132E-01 -0.196108465604E-01  0.246431894639E-01 -0.289679110108E-02 -0.779560795122E-02
 -0.118107475132E-01  0.391720751264E-16 -0.160501733887E-01  0.309837046472E-01 -0.376744045208E-01  0.183822626510E-01
  0.196108465604E-01  0.160501733887E-01 -0.487671751776E-17 -0.826880741455E-02 -0.231051930559E-02  0.455394234102E-02
 -0.246431894639E-01 -0.309837046472E-01  0.826880741455E-02 -0.209002179333E-16  0.152701723350E-01 -0.102412874767E-01
  0.289679110108E-02  0.376744045208E-01  0.231051930559E-02 -0.152701723350E-01 -0.430671157413E-17  0.315934957872E-02
  0.779560795122E-02 -0.183822626510E-01 -0.455394234102E-02  0.102412874767E-01 -0.315934957872E-02  0.309346975660E-17
