  0.635037254964     -0.711437579310E-01 -0.109986142043      0.418037347843E-01 -0.127721829557E-01  0.429251514625E-02
 -0.711437579310E-01  0.283764540056     -0.339091600862E-01 -0.141797240089E-01  0.786112126790E-02  0.475605566616E-02
 -0.109986142043     -0.339091600862E-01  0.685547571533E-01 -0.164477738940E-01 -0.556803869233E-02 -0.460106828039E-04
  0.418037347843E-01 -0.141797240089E-01 -0.164477738940E-01  0.943316613250E-02 -0.487097708930E-03 -0.234353487601E-03
 -0.127721829557E-01  0.786112126790E-02 -0.556803869233E-02 -0.487097708930E-03  0.262574905582E-02 -0.476697687887E-03
  0.429251514625E-02  0.475605566616E-02 -0.460106828039E-04 -0.234353487601E-03 -0.476697687887E-03  0.584532637869E-03
