  0.457197248910     -0.883010019367E-01 -0.844118909881E-01  0.320714612799E-01  0.778410002435E-02 -0.674200327953E-02
 -0.883010019367E-01  0.262766901896     -0.668419300301E-01 -0.754452258550E-01  0.308227314918E-01  0.373077955230E-02
 -0.844118909881E-01 -0.668419300301E-01  0.169488169684     -0.260324666949E-01 -0.566357357832E-01  0.366154766471E-01
  0.320714612799E-01 -0.754452258550E-01 -0.260324666949E-01  0.592283436026E-01 -0.104315999310E-01 -0.896829203291E-02
  0.778410002435E-02  0.308227314918E-01 -0.566357357832E-01 -0.104315999310E-01  0.376842355942E-01 -0.185084995992E-01
 -0.674200327953E-02  0.373077955230E-02  0.366154766471E-01 -0.896829203291E-02 -0.185084995992E-01  0.136351003137E-01
