  0.299470198596E-16  0.168074917429E-02  0.321302185346E-02  0.168665564641E-01 -0.115619529949E-01  0.504115008926E-02
 -0.168074917429E-02 -0.220255125672E-16  0.133590802181E-01 -0.119381217170E-01 -0.101418365982E-01  0.145822132395E-01
 -0.321302185346E-02 -0.133590802181E-01 -0.273588621907E-16  0.180223520280E-01 -0.335332550137E-02 -0.435325342763E-02
 -0.168665564641E-01  0.119381217170E-01 -0.180223520280E-01 -0.344312211243E-17 -0.200627189326E-02  0.129591135418E-02
  0.115619529949E-01  0.101418365982E-01  0.335332550137E-02  0.200627189326E-02  0.578118814148E-17 -0.324265292050E-02
 -0.504115008926E-02 -0.145822132395E-01  0.435325342763E-02 -0.129591135418E-02  0.324265292050E-02  0.841078541358E-17
