  0.407272937216     -0.785456935494E-01 -0.951360993553E-01  0.346020365583E-01  0.230425454467E-01 -0.120612737488E-01
 -0.785456935494E-01  0.284124444460     -0.649521038189E-01 -0.985822508233E-01  0.431365603559E-01  0.134094428744E-01
 -0.951360993553E-01 -0.649521038189E-01  0.192441976283     -0.658417644784E-01 -0.442853052330E-01  0.378904266763E-01
  0.346020365583E-01 -0.985822508233E-01 -0.658417644784E-01  0.886623863555E-01 -0.690224975825E-03 -0.293214855795E-01
  0.230425454467E-01  0.431365603559E-01 -0.442853052330E-01 -0.690224975825E-03  0.151332028788E-01 -0.545344986720E-02
 -0.120612737488E-01  0.134094428744E-01  0.378904266763E-01 -0.293214855795E-01 -0.545344986720E-02  0.123650528062E-01
