  0.501428142859E-17  0.188940626012E-01 -0.190723741511E-01  0.230641700147E-01 -0.622115893346E-02 -0.524787260868E-02
 -0.188940626012E-01 -0.138345133711E-16  0.158162328972E-02  0.927877919079E-02 -0.212629519706E-01  0.103001241189E-01
  0.190723741511E-01 -0.158162328972E-02 -0.382929990355E-17  0.432410986808E-02 -0.528833004292E-02  0.628831024015E-02
 -0.230641700147E-01 -0.927877919079E-02 -0.432410986808E-02 -0.653782910363E-17  0.917500396467E-02 -0.575903138712E-02
  0.622115893346E-02  0.212629519706E-01  0.528833004292E-02 -0.917500396467E-02  0.150603563280E-17  0.251764666163E-03
  0.524787260868E-02 -0.103001241189E-01 -0.628831024015E-02  0.575903138712E-02 -0.251764666163E-03  0.194310702042E-17
