  0.519133914372     -0.120399912059     -0.106426294901      0.374748487544E-01  0.357820646029E-01 -0.208685587771E-01
 -0.120399912059      0.246644128106     -0.448592894440E-01 -0.825860905250E-01  0.352846421418E-01  0.967284352135E-02
 -0.106426294901     -0.448592894440E-01  0.136798422847     -0.340881517985E-01 -0.471244547715E-01  0.305611177539E-01
  0.374748487544E-01 -0.825860905250E-01 -0.340881517985E-01  0.647019703078E-01 -0.374407572073E-02 -0.201079765220E-01
  0.357820646029E-01  0.352846421418E-01 -0.471244547715E-01 -0.374407572073E-02  0.228782392888E-01 -0.762330663325E-02
 -0.208685587771E-01  0.967284352135E-02  0.305611177539E-01 -0.201079765220E-01 -0.762330663325E-02  0.984332507802E-02
