 -0.981110486082E-18 -0.105877327134E-01 -0.168602698785E-01  0.123276547532E-01 -0.138818382539E-01  0.812442714049E-02
  0.105877327134E-01 -0.694775696408E-16  0.268951547896E-01 -0.531108172482E-02  0.186306542032E-02 -0.354388064481E-02
  0.168602698785E-01 -0.268951547896E-01 -0.312428830317E-16 -0.650754091450E-02  0.170811632299E-02 -0.286855557577E-02
 -0.123276547532E-01  0.531108172482E-02  0.650754091450E-02  0.134334220201E-16  0.137820246368E-03  0.334599640236E-02
  0.138818382539E-01 -0.186306542032E-02 -0.170811632299E-02 -0.137820246368E-03  0.126956014925E-16  0.906961376110E-03
 -0.812442714049E-02  0.354388064481E-02  0.286855557577E-02 -0.334599640236E-02 -0.906961376110E-03  0.656376033765E-18
