 -0.860763688949E-16  0.268482928610E-01 -0.173774654056E-01  0.541456904451E-02  0.180342044686E-02 -0.460803836472E-03
 -0.268482928610E-01 -0.392481739054E-16  0.679487273672E-02 -0.454299550765E-02  0.500485427057E-03 -0.415235826587E-04
  0.173774654056E-01 -0.679487273672E-02  0.319458601463E-17 -0.140020547665E-02  0.150107796606E-02 -0.302430156104E-03
 -0.541456904451E-02  0.454299550765E-02  0.140020547665E-02 -0.656965711483E-17 -0.154569104637E-02  0.526960794203E-03
 -0.180342044686E-02 -0.500485427057E-03 -0.150107796606E-02  0.154569104637E-02 -0.208685880193E-18 -0.172291213693E-03
  0.460803836472E-03  0.415235826587E-04  0.302430156104E-03 -0.526960794203E-03  0.172291213693E-03 -0.725465441617E-19
