 -0.707221696026E-17  0.205821967574E-01 -0.304295412357E-01  0.944800012922E-02  0.147489027995E-02  0.222280985488E-02
 -0.205821967574E-01  0.357496681508E-16 -0.314689540751E-01  0.338503970054E-01 -0.781684166504E-02 -0.499794884331E-02
  0.304295412357E-01  0.314689540751E-01  0.147661672797E-16 -0.808433613172E-02 -0.179931546329E-02  0.290879492002E-03
 -0.944800012922E-02 -0.338503970054E-01  0.808433613172E-02  0.828977812192E-18  0.763651882434E-02 -0.373310069322E-02
 -0.147489027995E-02  0.781684166504E-02  0.179931546329E-02 -0.763651882434E-02 -0.668363361080E-17  0.429807513010E-02
 -0.222280985488E-02  0.499794884331E-02 -0.290879492002E-03  0.373310069322E-02 -0.429807513010E-02  0.229142743888E-17
