 -0.150403640969E-16  0.136835334790E-01 -0.435879542438E-01  0.524591959513E-01 -0.108247587145E-01 -0.100051473582E-01
 -0.136835334790E-01  0.221129162615E-16 -0.880230064537E-02  0.206310649747E-01 -0.290326788078E-01  0.184283569337E-01
  0.435879542438E-01  0.880230064537E-02  0.201433447726E-17 -0.959764311530E-02  0.433646022120E-02 -0.850294393495E-03
 -0.524591959513E-01 -0.206310649747E-01  0.959764311530E-02  0.241720137272E-17  0.749797082265E-02 -0.706031733894E-02
  0.108247587145E-01  0.290326788078E-01 -0.433646022120E-02 -0.749797082265E-02 -0.510298067573E-17  0.376121423355E-02
  0.100051473582E-01 -0.184283569337E-01  0.850294393495E-03  0.706031733894E-02 -0.376121423355E-02 -0.462282768315E-17
