  0.361496146522     -0.137274009574     -0.543755162259E-01  0.113085764378E-01  0.149936199680E-01 -0.337202653866E-02
 -0.137274009574      0.278762140653     -0.799720274585E-01 -0.672843136264E-01  0.433457698792E-01  0.348007641645E-03
 -0.543755162259E-01 -0.799720274585E-01  0.160105881227     -0.671500557043E-01 -0.111553907520E-01  0.203990430949E-01
  0.113085764378E-01 -0.672843136264E-01 -0.671500557043E-01  0.129947123529     -0.575177647652E-01 -0.555044780166E-02
  0.149936199680E-01  0.433457698792E-01 -0.111553907520E-01 -0.575177647652E-01  0.551795919380E-01 -0.167708425203E-01
 -0.337202653866E-02  0.348007641645E-03  0.203990430949E-01 -0.555044780166E-02 -0.167708425203E-01  0.145091161318E-01
