 -0.468463015100E-16 -0.156143880404E-02  0.170604638981E-01 -0.148602642805E-01 -0.136596602142E-01  0.689246253067E-02
  0.156143880404E-02 -0.360498444531E-16 -0.518444124729E-02 -0.135109106822E-01  0.952726168662E-02  0.757885754618E-02
 -0.170604638981E-01  0.518444124729E-02  0.541761978871E-17  0.210279444460E-01 -0.418728165726E-02 -0.754381159475E-02
  0.148602642805E-01  0.135109106822E-01 -0.210279444460E-01  0.582334461870E-17 -0.547364633744E-02  0.178699863389E-02
  0.136596602142E-01 -0.952726168662E-02  0.418728165726E-02  0.547364633744E-02  0.185201451808E-16 -0.460453839301E-02
 -0.689246253067E-02 -0.757885754618E-02  0.754381159475E-02 -0.178699863389E-02  0.460453839301E-02 -0.551308445459E-17
