  0.535156684539     -0.461582515949E-01 -0.121613954362      0.521083421647E-01 -0.652491209585E-02  0.257820611243E-02
 -0.461582515949E-01  0.205688537970     -0.836051576459E-01 -0.926970153399E-02  0.140157384395E-01 -0.472613312707E-02
 -0.121613954362     -0.836051576459E-01  0.169596784370     -0.799246641669E-01  0.113090490360E-01  0.904685984412E-03
  0.521083421647E-01 -0.926970153399E-02 -0.799246641669E-01  0.734328378796E-01 -0.262292927605E-01  0.419129237293E-02
 -0.652491209585E-02  0.140157384395E-01  0.113090490360E-01 -0.262292927605E-01  0.150508058320E-01 -0.354668765091E-02
  0.257820611243E-02 -0.472613312707E-02  0.904685984412E-03  0.419129237293E-02 -0.354668765091E-02  0.107434940900E-02
