 -0.735487391344E-17 -0.979100066240E-02 -0.501412824464E-03  0.169704541141E-02 -0.322339148108E-02 -0.530190212611E-02
  0.979100066240E-02 -0.309963532962E-16  0.957961947949E-02  0.437911768373E-02  0.133703414009E-02 -0.102168164024E-02
  0.501412824464E-03 -0.957961947949E-02  0.857309606319E-17  0.129228706701E-03 -0.374923208085E-02 -0.757363523627E-03
 -0.169704541141E-02 -0.437911768373E-02 -0.129228706701E-03 -0.212904244863E-17  0.361421175601E-02  0.101074881456E-02
  0.322339148108E-02 -0.133703414009E-02  0.374923208085E-02 -0.361421175601E-02  0.131328901845E-16  0.298140138027E-03
  0.530190212611E-02  0.102168164024E-02  0.757363523627E-03 -0.101074881456E-02 -0.298140138027E-03  0.316225422517E-17
