  0.592944602511     -0.100432459175     -0.816459603456E-01  0.309047503602E-01  0.163512360825E-01 -0.959756424731E-02
 -0.100432459175      0.243086010195     -0.621451257350E-01 -0.265763535535E-01  0.137911687323E-01  0.166558288089E-02
 -0.816459603456E-01 -0.621451257350E-01  0.117162155837     -0.364669149845E-01 -0.127359768612E-01  0.764314409792E-02
  0.309047503602E-01 -0.265763535535E-01 -0.364669149845E-01  0.340621491193E-01 -0.826441820108E-02 -0.100986312796E-02
  0.163512360825E-01  0.137911687323E-01 -0.127359768612E-01 -0.826441820108E-02  0.110573108453E-01 -0.318158100263E-02
 -0.959756424731E-02  0.166558288089E-02  0.764314409792E-02 -0.100986312796E-02 -0.318158100263E-02  0.168777149320E-02
