 -0.329060793927E-17  0.268953885215E-02 -0.651495709572E-02  0.164209922623E-01 -0.154599414809E-01 -0.227287189456E-02
 -0.268953885215E-02 -0.794832835573E-17 -0.927800364436E-02  0.697690397330E-02 -0.114518259893E-01  0.941115040244E-02
  0.651495709572E-02  0.927800364436E-02  0.127173253692E-16  0.709175137452E-02  0.191248147946E-02 -0.194310956016E-02
 -0.164209922623E-01 -0.697690397330E-02 -0.709175137452E-02  0.340824319894E-16  0.880825371061E-02 -0.653864816638E-02
  0.154599414809E-01  0.114518259893E-01 -0.191248147946E-02 -0.880825371061E-02  0.894743323005E-16  0.263442187551E-02
  0.227287189456E-02 -0.941115040244E-02  0.194310956016E-02  0.653864816638E-02 -0.263442187551E-02  0.542597602909E-17
