  0.307976360655     -0.117867658422     -0.343433798943E-01  0.380909722823E-01 -0.145576212150E-01  0.668884967867E-02
 -0.117867658422      0.287219579600     -0.141145422650     -0.434234914065E-01  0.518920297980E-01 -0.165915417594E-01
 -0.343433798943E-01 -0.141145422650      0.194259511809     -0.591598169433E-01 -0.155977693957E-02  0.202221484894E-02
  0.380909722823E-01 -0.434234914065E-01 -0.591598169433E-01  0.990495953211E-01 -0.702518403756E-01  0.315134923119E-01
 -0.145576212150E-01  0.518920297980E-01 -0.155977693957E-02 -0.702518403756E-01  0.822435816929E-01 -0.462768173857E-01
  0.668884967867E-02 -0.165915417594E-01  0.202221484894E-02  0.315134923119E-01 -0.462768173857E-01  0.292513709217E-01
