  0.846316603254     -0.210730474767      0.726385088216E-03  0.242649115179E-02 -0.891417947887E-03 -0.360934328204E-03
 -0.210730474767      0.133305795683     -0.246911788990E-01  0.321403376095E-02 -0.358329870175E-02  0.935355640868E-03
  0.726385088216E-03 -0.246911788990E-01  0.155348321280E-01 -0.513157726597E-02  0.104815615735E-03  0.631134114524E-03
  0.242649115179E-02  0.321403376095E-02 -0.513157726597E-02  0.401426317704E-02 -0.415307009398E-03 -0.418488672917E-03
 -0.891417947887E-03 -0.358329870175E-02  0.104815615735E-03 -0.415307009398E-03  0.685897424218E-03 -0.196362076715E-03
 -0.360934328204E-03  0.935355640868E-03  0.631134114524E-03 -0.418488672917E-03 -0.196362076715E-03  0.142608334106E-03
