  0.475229131236     -0.123920641329     -0.832799099567E-01  0.419888645283E-01 -0.100375766469E-01  0.199157533628E-02
 -0.123920641329      0.213889115732     -0.107286908815      0.175050080627E-01  0.864815550662E-02 -0.722890406303E-02
 -0.832799099567E-01 -0.107286908815      0.203174504524     -0.940735561001E-01  0.830400318684E-02  0.473727378098E-02
  0.419888645283E-01  0.175050080627E-01 -0.940735561001E-01  0.726439460812E-01 -0.268760321396E-01  0.964056073933E-02
 -0.100375766469E-01  0.864815550662E-02  0.830400318684E-02 -0.268760321396E-01  0.268647885935E-01 -0.141639402063E-01
  0.199157533628E-02 -0.722890406303E-02  0.473727378098E-02  0.964056073933E-02 -0.141639402063E-01  0.819851383369E-02
