  0.510885203167     -0.121543855381     -0.111478709156      0.376986136469E-01  0.364036696862E-01 -0.180989514012E-01
 -0.121543855381      0.249452415453     -0.404353737981E-01 -0.839528600687E-01  0.379367487416E-01  0.753547845034E-02
 -0.111478709156     -0.404353737981E-01  0.143486545066     -0.376452534503E-01 -0.468105997122E-01  0.292262586892E-01
  0.376986136469E-01 -0.839528600687E-01 -0.376452534503E-01  0.653138757829E-01 -0.577230321192E-02 -0.183385886568E-01
  0.364036696862E-01  0.379367487416E-01 -0.468105997122E-01 -0.577230321192E-02  0.227094765995E-01 -0.613978106029E-02
 -0.180989514012E-01  0.753547845034E-02  0.292262586892E-01 -0.183385886568E-01 -0.613978106029E-02  0.815248393156E-02
