  0.475663548214     -0.421564635465E-01  0.189226213674E-01  0.114028678261E-01  0.443522548505E-02 -0.111367133663E-01
 -0.421564635465E-01  0.395400595511     -0.983126974425E-01  0.158659428238E-01 -0.645425943551E-02 -0.150225621266E-02
  0.189226213674E-01 -0.983126974425E-01  0.109335229779     -0.313790468851E-01  0.734895706663E-02  0.527894788081E-03
  0.114028678261E-01  0.158659428238E-01 -0.313790468851E-01  0.151694844829E-01 -0.241916229124E-02 -0.227540176700E-02
  0.443522548505E-02 -0.645425943551E-02  0.734895706663E-02 -0.241916229124E-02  0.299648752052E-02 -0.162563826196E-03
 -0.111367133663E-01 -0.150225621266E-02  0.527894788081E-03 -0.227540176700E-02 -0.162563826196E-03  0.143465449246E-02
