  0.555055109407     -0.126676259922     -0.120599482554      0.562103078617E-01  0.205806863576E-01 -0.109668396020E-01
 -0.126676259922      0.233213742623     -0.223944909861E-01 -0.785688630042E-01  0.229215236581E-01  0.144130554270E-01
 -0.120599482554     -0.223944909861E-01  0.137213138372     -0.450312431077E-01 -0.291800679536E-01  0.216028281833E-01
  0.562103078617E-01 -0.785688630042E-01 -0.450312431077E-01  0.551239776411E-01  0.222619479594E-03 -0.162724530982E-01
  0.205806863576E-01  0.229215236581E-01 -0.291800679536E-01  0.222619479594E-03  0.114832300427E-01 -0.492640071771E-02
 -0.109668396020E-01  0.144130554270E-01  0.216028281833E-01 -0.162724530982E-01 -0.492640071771E-02  0.791080191423E-02
