 -0.709160274951E-17 -0.424549957015E-02  0.601186400491E-02 -0.379734519332E-02  0.773853902662E-02  0.981180023162E-02
  0.424549957015E-02 -0.109185569661E-16  0.962347617839E-02 -0.824719905337E-02  0.108585713702E-01 -0.751473199759E-02
 -0.601186400491E-02 -0.962347617839E-02 -0.172076457786E-16  0.598371773228E-02 -0.375873390609E-03 -0.445867719817E-02
  0.379734519332E-02  0.824719905337E-02 -0.598371773228E-02 -0.504437331836E-17 -0.199412455729E-02  0.758044077376E-03
 -0.773853902662E-02 -0.108585713702E-01  0.375873390609E-03  0.199412455729E-02 -0.172513200065E-17  0.578010728060E-03
 -0.981180023162E-02  0.751473199759E-02  0.445867719817E-02 -0.758044077376E-03 -0.578010728060E-03  0.172649682027E-17
