 -0.763623948520E-17  0.137653818400E-01 -0.620072924226E-02  0.246062926987E-01 -0.241447777266E-01  0.644066018656E-02
 -0.137653818400E-01  0.242205799081E-16 -0.132678824442E-02  0.974923745726E-02 -0.261547397970E-01  0.134002552155E-01
  0.620072924226E-02  0.132678824442E-02  0.385866062742E-17 -0.215736375615E-02 -0.495170765583E-02  0.741995720573E-02
 -0.246062926987E-01 -0.974923745726E-02  0.215736375615E-02 -0.911442251650E-17  0.146085696719E-01 -0.106556907751E-01
  0.241447777266E-01  0.261547397970E-01  0.495170765583E-02 -0.146085696719E-01  0.446157635046E-17  0.565447028813E-02
 -0.644066018656E-02 -0.134002552155E-01 -0.741995720573E-02  0.106556907751E-01 -0.565447028813E-02 -0.916847702960E-18
