  0.575249742484     -0.127162910821     -0.122426052001      0.555455307363E-01  0.145333911802E-01 -0.134558733937E-01
 -0.127162910821      0.252832771768     -0.272097524553E-01 -0.590283202917E-01  0.149820175553E-01  0.844681570100E-02
 -0.122426052001     -0.272097524553E-01  0.107417397835     -0.298405010798E-01 -0.218916543316E-01  0.144733015924E-01
  0.555455307363E-01 -0.590283202917E-01 -0.298405010798E-01  0.386109714508E-01 -0.839560666348E-03 -0.121174877803E-01
  0.145333911802E-01  0.149820175553E-01 -0.218916543316E-01 -0.839560666348E-03  0.173064339819E-01 -0.717760853275E-02
 -0.134558733937E-01  0.844681570100E-02  0.144733015924E-01 -0.121174877803E-01 -0.717760853275E-02  0.858268248020E-02
