  0.845555649462E-17  0.172685780913E-01 -0.215514230648E-02  0.391664790271E-02  0.675129083193E-02 -0.339490537006E-02
 -0.172685780913E-01 -0.176650449615E-16 -0.128640373784E-01  0.922043593336E-02 -0.878340855907E-02  0.419247018497E-03
  0.215514230648E-02  0.128640373784E-01 -0.297384277953E-17  0.806305877155E-03 -0.509082208239E-02  0.343093774964E-02
 -0.391664790271E-02 -0.922043593336E-02 -0.806305877155E-03  0.117278306799E-17  0.901956603201E-02 -0.572303978616E-02
 -0.675129083193E-02  0.878340855907E-02  0.509082208239E-02 -0.901956603201E-02  0.117278306799E-17  0.283110869117E-02
  0.339490537006E-02 -0.419247018497E-03 -0.343093774964E-02  0.572303978616E-02 -0.283110869117E-02  0.205918078962E-17
