  0.504333589669     -0.109138590147     -0.893318117726E-01  0.285552674677E-01  0.167054124813E-01 -0.142937675505E-01
 -0.109138590147      0.265094221121     -0.690261884846E-01 -0.774531443386E-01  0.511555843908E-01  0.630019683425E-02
 -0.893318117726E-01 -0.690261884846E-01  0.140403830279     -0.260793439415E-01 -0.491957418825E-01  0.280659334927E-01
  0.285552674677E-01 -0.774531443386E-01 -0.260793439415E-01  0.548494244871E-01 -0.709682461504E-02 -0.157361869271E-01
  0.167054124813E-01  0.511555843908E-01 -0.491957418825E-01 -0.709682461504E-02  0.263245252700E-01 -0.789344365142E-02
 -0.142937675505E-01  0.630019683425E-02  0.280659334927E-01 -0.157361869271E-01 -0.789344365142E-02  0.899440917402E-02
