  0.583547334992     -0.561733773080E-01 -0.119151678727      0.170266842308E-01  0.227571542283E-02  0.892917386626E-03
 -0.561733773080E-01  0.305585954988     -0.543605791582E-01 -0.251218660088E-01  0.163707139184E-01 -0.742539297138E-02
 -0.119151678727     -0.543605791582E-01  0.861950004642E-01 -0.110833505162E-01 -0.182051602779E-01  0.100286376436E-01
  0.170266842308E-01 -0.251218660088E-01 -0.110833505162E-01  0.116195955721E-01  0.162637190129E-03 -0.268728223148E-02
  0.227571542283E-02  0.163707139184E-01 -0.182051602779E-01  0.162637190129E-03  0.957826414171E-02 -0.485912076640E-02
  0.892917386626E-03 -0.742539297138E-02  0.100286376436E-01 -0.268728223148E-02 -0.485912076640E-02  0.347384984180E-02
