  0.383312343303E-17  0.862456363635E-02  0.116540606753E-01  0.656453296686E-02 -0.139480774531E-01  0.897153283263E-02
 -0.862456363635E-02  0.258924402202E-16 -0.154891192303E-01  0.749065674564E-03 -0.695442944109E-02  0.811482456933E-02
 -0.116540606753E-01  0.154891192303E-01  0.243283338605E-16  0.115002922457E-01 -0.590558899096E-02 -0.123149967245E-03
 -0.656453296686E-02 -0.749065674564E-03 -0.115002922457E-01  0.139555864238E-16  0.970377661879E-02 -0.667621996784E-02
  0.139480774531E-01  0.695442944109E-02  0.590558899096E-02 -0.970377661879E-02  0.403746525468E-17  0.221658340333E-02
 -0.897153283263E-02 -0.811482456933E-02  0.123149967245E-03  0.667621996784E-02 -0.221658340333E-02 -0.108342308125E-18
