  0.391863391659     -0.115702879685     -0.646431345675E-01 -0.235989701487E-01  0.652398176268E-01 -0.253286436215E-01
 -0.115702879685      0.310496013624     -0.855163739290E-01 -0.693017748138E-01  0.566025422950E-01 -0.105316916209E-01
 -0.646431345675E-01 -0.855163739290E-01  0.154660024880     -0.497594673888E-01 -0.400672182844E-01  0.339432039620E-01
 -0.235989701487E-01 -0.693017748138E-01 -0.497594673888E-01  0.947112822650E-01 -0.310399822025E-01 -0.988126481084E-02
  0.652398176268E-01  0.566025422950E-01 -0.400672182844E-01 -0.310399822025E-01  0.393514339096E-01 -0.117636443841E-01
 -0.253286436215E-01 -0.105316916209E-01  0.339432039620E-01 -0.988126481084E-02 -0.117636443841E-01  0.891785366298E-02
