  0.251929379457     -0.153332575934      0.674116333661E-02  0.405852865966E-01 -0.257778704707E-01  0.940534886337E-02
 -0.153332575934      0.223221511608     -0.140732351390      0.556837613198E-01 -0.150779045038E-01  0.335974161107E-02
  0.674116333661E-02 -0.140732351390      0.213666258279     -0.160866356103      0.720853618208E-01 -0.242203046202E-01
  0.405852865966E-01  0.556837613198E-01 -0.160866356103      0.186299211193     -0.122733237067      0.511216406807E-01
 -0.257778704707E-01 -0.150779045038E-01  0.720853618208E-01 -0.122733237067      0.102490311512     -0.470012410391E-01
  0.940534886337E-02  0.335974161107E-02 -0.242203046202E-01  0.511216406807E-01 -0.470012410391E-01  0.223933279500E-01
