  0.485873097579     -0.138880451431     -0.952882725806E-01  0.424216358863E-01  0.255448595928E-01 -0.246509891953E-01
 -0.138880451431      0.278738308284     -0.637954443557E-01 -0.758240344976E-01  0.308181670709E-01  0.841222958718E-02
 -0.952882725806E-01 -0.637954443557E-01  0.144834498083     -0.350288470547E-01 -0.415137894106E-01  0.325238461019E-01
  0.424216358863E-01 -0.758240344976E-01 -0.350288470547E-01  0.586683429981E-01 -0.315775478031E-02 -0.173018631729E-01
  0.255448595928E-01  0.308181670709E-01 -0.415137894106E-01 -0.315775478031E-02  0.207672655490E-01 -0.100712961681E-01
 -0.246509891953E-01  0.841222958718E-02  0.325238461019E-01 -0.173018631729E-01 -0.100712961681E-01  0.111184875067E-01
