  0.580752103673     -0.649404714801E-01 -0.989424818307E-01  0.252855661766E-01  0.143284878651E-01 -0.620859612568E-02
 -0.649404714801E-01  0.272168113433     -0.565300899880E-01 -0.518527029824E-01  0.183374947743E-01 -0.133272033459E-02
 -0.989424818307E-01 -0.565300899880E-01  0.112771439898     -0.276962253558E-01 -0.109016759500E-01  0.860530351295E-02
  0.252855661766E-01 -0.518527029824E-01 -0.276962253558E-01  0.298793412949E-01 -0.374501549459E-02 -0.301180407912E-02
  0.143284878651E-01  0.183374947743E-01 -0.109016759500E-01 -0.374501549459E-02  0.363628661149E-02 -0.780020528466E-03
 -0.620859612568E-02 -0.133272033459E-02  0.860530351295E-02 -0.301180407912E-02 -0.780020528466E-03  0.792715090446E-03
