 -0.157723595676E-16  0.293703693896E-01 -0.429707825159E-01  0.142247829333E-01 -0.730048987312E-02 -0.170831366412E-02
 -0.293703693896E-01 -0.246625379398E-16 -0.503570567793E-01  0.234645520708E-01  0.570450234341E-02 -0.131018209625E-01
  0.429707825159E-01  0.503570567793E-01 -0.268288419480E-16 -0.508457797656E-03  0.245383435639E-02 -0.216518368612E-02
 -0.142247829333E-01 -0.234645520708E-01  0.508457797656E-03 -0.331944429568E-16  0.666347379020E-02 -0.800998405229E-03
  0.730048987312E-02 -0.570450234341E-02 -0.245383435639E-02 -0.666347379020E-02 -0.176970373595E-16  0.365866652938E-02
  0.170831366412E-02  0.131018209625E-01  0.216518368612E-02  0.800998405229E-03 -0.365866652938E-02 -0.732950214322E-17
