 -0.553344991832E-16 -0.126273188454E-02  0.473215542623E-01 -0.180975957002E-01 -0.500252743475E-02  0.970288593563E-02
  0.126273188454E-02 -0.369595415075E-16 -0.406893493011E-02 -0.218672088883E-01  0.197812241972E-01 -0.495745804912E-02
 -0.473215542623E-01  0.406893493011E-02  0.111945812227E-16  0.207844546136E-01 -0.174003104957E-01  0.329347109530E-02
  0.180975957002E-01  0.218672088883E-01 -0.207844546136E-01 -0.123706656313E-16  0.740250529412E-02 -0.180934799500E-02
  0.500252743475E-02 -0.197812241972E-01  0.174003104957E-01 -0.740250529412E-02 -0.418163345283E-17 -0.110215511081E-02
 -0.970288593563E-02  0.495745804912E-02 -0.329347109530E-02  0.180934799500E-02  0.110215511081E-02  0.219154617808E-17
