 -0.936099677417E-18  0.472712013572E-02 -0.396209586237E-02  0.300199330741E-02 -0.160799091015E-02  0.303885846778E-03
 -0.472712013572E-02 -0.224048603314E-17  0.173751431173E-02 -0.173193232234E-02  0.956181397672E-03 -0.229811381297E-03
  0.396209586237E-02 -0.173751431173E-02  0.105463912424E-17  0.382857963959E-03 -0.239747102116E-03  0.867503301439E-04
 -0.300199330741E-02  0.173193232234E-02 -0.382857963959E-03  0.136410851977E-18  0.294817287942E-04 -0.273260347418E-04
  0.160799091015E-02 -0.956181397672E-03  0.239747102116E-03 -0.294817287942E-04 -0.251104553391E-19  0.863020430483E-05
 -0.303885846778E-03  0.229811381297E-03 -0.867503301439E-04  0.273260347418E-04 -0.863020430483E-05  0.157965406687E-19
