  0.593081899184E-18 -0.405127743003E-02 -0.233386392806E-01  0.642443918092E-02 -0.111763639301E-01  0.259469942981E-02
  0.405127743003E-02 -0.172065206414E-16 -0.293071816617E-01  0.300741053433E-01  0.161431850836E-02 -0.122986192083E-01
  0.233386392806E-01  0.293071816617E-01  0.137004300567E-16  0.383623327296E-02 -0.684750614699E-02 -0.224457959272E-02
 -0.642443918092E-02 -0.300741053433E-01 -0.383623327296E-02 -0.381096802689E-17  0.828081089707E-02 -0.184875336479E-03
  0.111763639301E-01 -0.161431850836E-02  0.684750614699E-02 -0.828081089707E-02  0.266767761882E-17  0.382051351550E-02
 -0.259469942981E-02  0.122986192083E-01  0.224457959272E-02  0.184875336479E-03 -0.382051351550E-02  0.195326997972E-17
