  0.907445853657     -0.154887739457E-01 -0.570727431123E-02 -0.105910449506E-01 -0.112014744034E-01 -0.831239746714E-03
 -0.154887739457E-01  0.655584909588E-01 -0.705947781565E-02  0.138611015562E-01  0.128624679578E-02  0.329938515778E-03
 -0.570727431123E-02 -0.705947781565E-02  0.183919397932E-01 -0.307635307179E-02 -0.446998455124E-02 -0.603847423574E-03
 -0.105910449506E-01  0.138611015562E-01 -0.307635307179E-02  0.656568465935E-02  0.100289356087E-02 -0.939671849860E-04
 -0.112014744034E-01  0.128624679578E-02 -0.446998455124E-02  0.100289356087E-02  0.194688434840E-02  0.103615283023E-03
 -0.831239746714E-03  0.329938515778E-03 -0.603847423574E-03 -0.939671849860E-04  0.103615283023E-03  0.911465835375E-04
