  0.351875332106     -0.210840503031      0.505853187609E-01 -0.343823675719E-02  0.211680332527E-02 -0.260365613155E-02
 -0.210840503031      0.513744228398     -0.117702018462     -0.623659479005E-02  0.833770335642E-02 -0.876727790235E-03
  0.505853187609E-01 -0.117702018462      0.108366065340     -0.319064345560E-01  0.217131245513E-02 -0.571412469540E-03
 -0.343823675719E-02 -0.623659479005E-02 -0.319064345560E-01  0.232053251279E-01 -0.624316960846E-02  0.177797891584E-02
  0.211680332527E-02  0.833770335642E-02  0.217131245513E-02 -0.624316960846E-02  0.248738619626E-02 -0.746074709280E-03
 -0.260365613155E-02 -0.876727790235E-03 -0.571412469540E-03  0.177797891584E-02 -0.746074709280E-03  0.321662832246E-03
