  0.846160044502E-17  0.611138567958E-02  0.424864624460E-02  0.584136855953E-02  0.914406739244E-03 -0.341682243679E-02
 -0.611138567958E-02 -0.382709486803E-18  0.362572762303E-01 -0.209883251722E-01 -0.230543836531E-01  0.438966093620E-02
 -0.424864624460E-02 -0.362572762303E-01  0.687601377955E-17 -0.425118455705E-02  0.367641238777E-02  0.120228659081E-02
 -0.584136855953E-02  0.209883251722E-01  0.425118455705E-02  0.148831467090E-18 -0.191400344605E-02  0.831496177829E-03
 -0.914406739244E-03  0.230543836531E-01 -0.367641238777E-02  0.191400344605E-02  0.527288626261E-18 -0.913152932628E-03
  0.341682243679E-02 -0.438966093620E-02 -0.120228659081E-02 -0.831496177829E-03  0.913152932628E-03  0.327362784979E-18
