  0.376394735332     -0.143894383075     -0.601793998925E-01  0.350670317995E-01  0.141785681624E-01 -0.193632225778E-01
 -0.143894383075      0.273935480306     -0.126174814779     -0.980098624182E-02  0.383223828435E-01 -0.155022292100E-01
 -0.601793998925E-01 -0.126174814779      0.193229116010     -0.789221827178E-01 -0.209064092711E-01  0.267649096984E-01
  0.350670317995E-01 -0.980098624182E-02 -0.789221827178E-01  0.947303912091E-01 -0.401659253754E-01  0.612241024870E-02
  0.141785681624E-01  0.383223828435E-01 -0.209064092711E-01 -0.401659253754E-01  0.480543176317E-01 -0.225568836001E-01
 -0.193632225778E-01 -0.155022292100E-01  0.267649096984E-01  0.612241024870E-02 -0.225568836001E-01  0.136559595108E-01
