  0.574152328749     -0.140525794668     -0.888082758138E-01  0.185850286426E-01  0.152219769230E-01 -0.156535604936E-01
 -0.140525794668      0.229120793168     -0.806047353358E-01 -0.485784818810E-02  0.148744232310E-01  0.613920518530E-02
 -0.888082758138E-01 -0.806047353358E-01  0.142857030020     -0.124411908882E-01 -0.431670408580E-01  0.169614969441E-01
  0.185850286426E-01 -0.485784818810E-02 -0.124411908882E-01  0.169154812672E-01 -0.102952503903E-01  0.273456823924E-02
  0.152219769230E-01  0.148744232310E-01 -0.431670408580E-01 -0.102952503903E-01  0.306757558374E-01 -0.118348448369E-01
 -0.156535604936E-01  0.613920518530E-02  0.169614969441E-01  0.273456823924E-02 -0.118348448369E-01  0.627861095846E-02
