  0.390363086222     -0.831129595041E-01 -0.900217270448E-01  0.354433859195E-01 -0.147128009254E-02  0.276201493441E-02
 -0.831129595041E-01  0.299063414617     -0.171106813959      0.471373752300E-01 -0.111671579865E-01  0.259408184361E-03
 -0.900217270448E-01 -0.171106813959      0.217821759152     -0.907672399993E-01  0.872169099777E-02  0.832091782245E-02
  0.354433859195E-01  0.471373752300E-01 -0.907672399993E-01  0.629879039717E-01 -0.178156579208E-01  0.292390923745E-02
 -0.147128009254E-02 -0.111671579865E-01  0.872169099777E-02 -0.178156579208E-01  0.212949520755E-01 -0.115693397892E-01
  0.276201493441E-02  0.259408184361E-03  0.832091782245E-02  0.292390923745E-02 -0.115693397892E-01  0.846888396179E-02
