  0.158179917429E-15  0.545852625591E-01 -0.344537721520E-01 -0.109419150136E-01  0.141365251070E-01 -0.355466974941E-02
 -0.545852625591E-01  0.195674026846E-16  0.103479577964E-01  0.480800218454E-02 -0.517480725351E-02  0.265833181594E-02
  0.344537721520E-01 -0.103479577964E-01 -0.354811016914E-16 -0.121466627456E-01  0.527962532881E-02 -0.179004932678E-02
  0.109419150136E-01 -0.480800218454E-02  0.121466627456E-01 -0.841382539515E-17 -0.292369517207E-02  0.136552522281E-02
 -0.141365251070E-01  0.517480725351E-02 -0.527962532881E-02  0.292369517207E-02 -0.305421861844E-17 -0.406963715664E-03
  0.355466974941E-02 -0.265833181594E-02  0.179004932678E-02 -0.136552522281E-02  0.406963715664E-03 -0.758887610836E-18
