  0.599213424530     -0.351320411767      0.452715816441E-01 -0.585526887832E-02  0.272321179491E-02  0.270225530096E-02
 -0.351320411767      0.315012226807     -0.106279519028      0.187930600436E-01 -0.203855511988E-03 -0.205874904102E-02
  0.452715816441E-01 -0.106279519028      0.804997837593E-01 -0.188052627040E-01 -0.948574051282E-04  0.495131906854E-03
 -0.585526887832E-02  0.187930600436E-01 -0.188052627040E-01  0.513695710678E-02 -0.194756615565E-03 -0.518362564606E-04
  0.272321179491E-02 -0.203855511988E-03 -0.948574051282E-04 -0.194756615565E-03  0.998575376346E-04 -0.846742366740E-05
  0.270225530096E-02 -0.205874904102E-02  0.495131906854E-03 -0.518362564606E-04 -0.846742366740E-05  0.377502592718E-04
