 -0.790800873212E-17  0.141806784426E-01 -0.106374783390E-01  0.580951139550E-02  0.236652338185E-02  0.298233628196E-02
 -0.141806784426E-01 -0.107153546626E-16  0.220566030615E-01 -0.118237550298E-01 -0.214119685617E-01  0.477889302124E-02
  0.106374783390E-01 -0.220566030615E-01 -0.760174251950E-17 -0.118590384027E-02  0.311605480425E-02 -0.620844975533E-04
 -0.580951139550E-02  0.118237550298E-01  0.118590384027E-02  0.568375743936E-17  0.662056940994E-03 -0.176564120359E-03
 -0.236652338185E-02  0.214119685617E-01 -0.311605480425E-02 -0.662056940994E-03 -0.165757388271E-17 -0.412368929256E-03
 -0.298233628196E-02 -0.477889302124E-02  0.620844975533E-04  0.176564120359E-03  0.412368929256E-03  0.231857958791E-18
