  0.505336923998     -0.634692730237E-01 -0.129212932773      0.416331582951E-01  0.291944455282E-01 -0.208188910943E-01
 -0.634692730237E-01  0.241437869960     -0.615698386551E-01 -0.413899952129E-01  0.218535357655E-01  0.467212444543E-02
 -0.129212932773     -0.615698386551E-01  0.179001279344     -0.170333891929E-01 -0.545920147108E-01  0.235045468560E-01
  0.416331582951E-01 -0.413899952129E-01 -0.170333891929E-01  0.311060018803E-01 -0.147638822003E-01 -0.204327156699E-03
  0.291944455282E-01  0.218535357655E-01 -0.545920147108E-01 -0.147638822003E-01  0.371735293747E-01 -0.126689707503E-01
 -0.208188910943E-01  0.467212444543E-02  0.235045468560E-01 -0.204327156699E-03 -0.126689707503E-01  0.594439544320E-02
