  0.506004678117     -0.100997193991     -0.125101162489      0.645418142472E-01  0.126350652414E-01 -0.171919076854E-01
 -0.100997193991      0.244876328043     -0.308689673956E-01 -0.867907638534E-01  0.269330524488E-01  0.184169821765E-01
 -0.125101162489     -0.308689673956E-01  0.159561775422     -0.457483952917E-01 -0.371145725368E-01  0.250263631249E-01
  0.645418142472E-01 -0.867907638534E-01 -0.457483952917E-01  0.606821185054E-01  0.377900278645E-02 -0.188902677780E-01
  0.126350652414E-01  0.269330524488E-01 -0.371145725368E-01  0.377900278645E-02  0.174935074156E-01 -0.904579392350E-02
 -0.171919076854E-01  0.184169821765E-01  0.250263631249E-01 -0.188902677780E-01 -0.904579392350E-02  0.113815924974E-01
