  0.688592247600     -0.408918199507E-01 -0.812246326837E-01  0.146748881195E-01  0.191763198808E-01 -0.280719930658E-02
 -0.408918199507E-01  0.209819089606     -0.106757738249E-01 -0.203750439591E-01  0.549037962642E-02 -0.595165017588E-02
 -0.812246326837E-01 -0.106757738249E-01  0.887099022340E-01 -0.228252299087E-01 -0.138072229382E-01  0.630989888447E-02
  0.146748881195E-01 -0.203750439591E-01 -0.228252299087E-01  0.931503826461E-02  0.319549901692E-02 -0.124724028538E-02
  0.191763198808E-01  0.549037962642E-02 -0.138072229382E-01  0.319549901692E-02  0.290546860589E-02 -0.118003454777E-02
 -0.280719930658E-02 -0.595165017588E-02  0.630989888447E-02 -0.124724028538E-02 -0.118003454777E-02  0.658253690143E-03
