  0.653859322304     -0.295646706194      0.191478802457E-01 -0.311701495532E-02  0.301425252992E-02  0.370578261450E-03
 -0.295646706194      0.336706878002     -0.289187594460E-01  0.116087530185E-03 -0.128346834607E-02 -0.106092276136E-02
  0.191478802457E-01 -0.289187594460E-01  0.795326143915E-02 -0.267438147910E-02  0.614680956658E-05  0.222349958400E-03
 -0.311701495532E-02  0.116087530185E-03 -0.267438147910E-02  0.144917982425E-02 -0.523974192731E-06 -0.586006929619E-04
  0.301425252992E-02 -0.128346834607E-02  0.614680956658E-05 -0.523974192731E-06  0.244206150591E-04 -0.282928335022E-07
  0.370578261450E-03 -0.106092276136E-02  0.222349958400E-03 -0.586006929619E-04 -0.282928335022E-07  0.693781473338E-05
