 -0.529905741767E-17 -0.270352288737E-01  0.112313240665E-01 -0.727063733697E-02  0.319671909471E-02 -0.490467080267E-02
  0.270352288737E-01  0.626398607370E-16  0.337061089314E-01 -0.199090926879E-01 -0.418735914570E-02  0.212683293906E-02
 -0.112313240665E-01 -0.337061089314E-01  0.321913830264E-16 -0.229101725356E-01  0.428429899152E-02 -0.171714111132E-02
  0.727063733697E-02  0.199090926879E-01  0.229101725356E-01  0.166756178560E-16 -0.442539462810E-02  0.169830755802E-02
 -0.319671909471E-02  0.418735914570E-02 -0.428429899152E-02  0.442539462810E-02  0.131929335118E-17  0.374600555183E-04
  0.490467080267E-02 -0.212683293906E-02  0.171714111132E-02 -0.169830755802E-02 -0.374600555183E-04  0.197615567692E-18
