  0.659431215210     -0.455190182127E-01 -0.100356797889      0.960271610602E-02  0.142044107147E-01 -0.176710773195E-01
 -0.455190182127E-01  0.233323674258     -0.254860302397E-01 -0.200360375142E-01  0.102745778476E-01 -0.201776924735E-03
 -0.100356797889     -0.254860302397E-01  0.811326503374E-01 -0.797391117165E-02 -0.160797294893E-01  0.735083288994E-02
  0.960271610602E-02 -0.200360375142E-01 -0.797391117165E-02  0.133536932173E-01 -0.385228844041E-02 -0.266936096250E-02
  0.142044107147E-01  0.102745778476E-01 -0.160797294893E-01 -0.385228844041E-02  0.103132715490E-01 -0.234495876251E-02
 -0.176710773195E-01 -0.201776924735E-03  0.735083288994E-02 -0.266936096250E-02 -0.234495876251E-02  0.244549542808E-02
