  0.181230250711E-16 -0.161760421239E-01  0.970246592673E-02 -0.396168257209E-02 -0.140646995237E-01  0.616410143511E-02
  0.161760421239E-01 -0.100219808732E-16  0.707605639406E-02 -0.494315677191E-02 -0.466493840206E-02  0.539268339844E-02
 -0.970246592673E-02 -0.707605639406E-02 -0.193461856036E-17 -0.881232775672E-02  0.222018429317E-02 -0.125750208819E-03
  0.396168257209E-02  0.494315677191E-02  0.881232775672E-02  0.156589175554E-17 -0.810481289549E-03  0.195540418341E-03
  0.140646995237E-01  0.466493840206E-02 -0.222018429317E-02  0.810481289549E-03  0.485706922863E-18  0.148648845064E-02
 -0.616410143511E-02 -0.539268339844E-02  0.125750208819E-03 -0.195540418341E-03 -0.148648845064E-02 -0.645784979131E-18
