  0.908394730159     -0.610544293470E-01  0.309131685698E-01 -0.765125251373E-03  0.331475855336E-02 -0.572360183568E-02
 -0.610544293470E-01  0.712854585679E-01  0.639321151896E-03 -0.101932685208E-02 -0.895311294253E-03  0.445706079391E-03
  0.309131685698E-01  0.639321151896E-03  0.145937909229E-01 -0.194602269818E-02  0.216487413338E-03 -0.225582823094E-03
 -0.765125251373E-03 -0.101932685208E-02 -0.194602269818E-02  0.531522961972E-02 -0.800057697694E-03  0.152416380953E-03
  0.331475855336E-02 -0.895311294253E-03  0.216487413338E-03 -0.800057697694E-03  0.312797492451E-03 -0.634558614297E-05
 -0.572360183568E-02  0.445706079391E-03 -0.225582823094E-03  0.152416380953E-03 -0.634558614297E-05  0.979932382539E-04
