  0.126747043487E-16  0.559455653036E-02  0.102810568476E-01  0.216913856169E-01 -0.486411024633E-03 -0.619279663986E-02
 -0.559455653036E-02  0.337839316635E-17  0.594387256225E-01 -0.370959448950E-01  0.601355963822E-02  0.101014350456E-02
 -0.102810568476E-01 -0.594387256225E-01 -0.277101583319E-16 -0.374652435466E-02  0.744109842993E-03 -0.223367149756E-02
 -0.216913856169E-01  0.370959448950E-01  0.374652435466E-02 -0.118266680722E-17 -0.308838859516E-02  0.198569793021E-02
  0.486411024633E-03 -0.601355963822E-02 -0.744109842993E-03  0.308838859516E-02  0.448313231573E-17 -0.107818041990E-02
  0.619279663986E-02 -0.101014350456E-02  0.223367149756E-02 -0.198569793021E-02  0.107818041990E-02  0.874000224992E-18
