  0.543974511412     -0.486687606252E-02 -0.124708197334      0.402840630271E-01  0.465244293826E-02 -0.569681544642E-03
 -0.486687606252E-02  0.224649025224     -0.556305636337E-01  0.321872706961E-02 -0.476309198190E-02 -0.228113973357E-02
 -0.124708197334     -0.556305636337E-01  0.153201665262     -0.414819209501E-01 -0.106493653446E-02 -0.406115475968E-03
  0.402840630271E-01  0.321872706961E-02 -0.414819209501E-01  0.488573821940E-01 -0.235352863379E-01  0.133426840876E-02
  0.465244293826E-02 -0.476309198190E-02 -0.106493653446E-02 -0.235352863379E-01  0.260745682106E-01 -0.602960423078E-02
 -0.569681544642E-03 -0.228113973357E-02 -0.406115475968E-03  0.133426840876E-02 -0.602960423078E-02  0.324284769698E-02
