 -0.812556393727E-16  0.560523854975E-01 -0.162032706676E-01 -0.211454657814E-01  0.592955159196E-02 -0.281779765797E-02
 -0.560523854975E-01 -0.340909043841E-15 -0.422923617618E-02  0.836780825243E-03 -0.718914058025E-02  0.283759314822E-02
  0.162032706676E-01  0.422923617618E-02 -0.103691308755E-16 -0.745592135914E-02  0.314102317227E-02 -0.120382928034E-02
  0.211454657814E-01 -0.836780825243E-03  0.745592135914E-02 -0.332968477262E-17 -0.194765260290E-02  0.605960611923E-03
 -0.592955159196E-02  0.718914058025E-02 -0.314102317227E-02  0.194765260290E-02 -0.276581532559E-16 -0.618856201219E-03
  0.281779765797E-02 -0.283759314822E-02  0.120382928034E-02 -0.605960611923E-03  0.618856201219E-03 -0.588980652397E-17
