 -0.426141737960E-17  0.186613870889E-01  0.784969347321E-02 -0.354295542046E-02 -0.757512652342E-02 -0.325506721919E-02
 -0.186613870889E-01  0.314988504719E-16  0.222013094405E-01 -0.137955879708E-01 -0.814488419654E-02  0.248249996495E-02
 -0.784969347321E-02 -0.222013094405E-01  0.153365548428E-16 -0.162143877967E-01  0.587182109528E-02 -0.487860052817E-03
  0.354295542046E-02  0.137955879708E-01  0.162143877967E-01 -0.119899735924E-17 -0.475565467499E-02  0.688453777135E-03
  0.757512652342E-02  0.814488419654E-02 -0.587182109528E-02  0.475565467499E-02  0.102967330469E-19 -0.256564623473E-03
  0.325506721919E-02 -0.248249996495E-02  0.487860052817E-03 -0.688453777135E-03  0.256564623473E-03 -0.527618187290E-19
