 -0.406667142659E-17 -0.983688666844E-03  0.189942448805E-02 -0.156399809978E-01  0.111548732719E-01  0.634794802959E-02
  0.983688666844E-03  0.503415654398E-17  0.277234670626E-01 -0.460931117524E-02 -0.114397552823E-01 -0.208931892689E-02
 -0.189942448805E-02 -0.277234670626E-01  0.110169335930E-16  0.232252371850E-02 -0.234420989034E-02  0.259446318829E-02
  0.156399809978E-01  0.460931117524E-02 -0.232252371850E-02 -0.743804714207E-18 -0.310968826216E-02  0.200326774797E-02
 -0.111548732719E-01  0.114397552823E-01  0.234420989034E-02  0.310968826216E-02 -0.234999170576E-17 -0.280054197259E-02
 -0.634794802959E-02  0.208931892689E-02 -0.259446318829E-02 -0.200326774797E-02  0.280054197259E-02 -0.367186204024E-18
