  0.881700406545     -0.289454809679E-01 -0.200357235664E-01 -0.193374521968E-01  0.355748572705E-02 -0.175735259233E-02
 -0.289454809679E-01  0.801290794774E-01 -0.144808182048E-01  0.552300560420E-02  0.647408660723E-02 -0.120520899691E-03
 -0.200357235664E-01 -0.144808182048E-01  0.232326374516E-01  0.616845067486E-02 -0.419625460074E-02  0.713016413140E-03
 -0.193374521968E-01  0.552300560420E-02  0.616845067486E-02  0.136885121171E-01 -0.151175592241E-02  0.495893631384E-03
  0.355748572705E-02  0.647408660723E-02 -0.419625460074E-02 -0.151175592241E-02  0.120833617681E-02 -0.128702951392E-03
 -0.175735259233E-02 -0.120520899691E-03  0.713016413140E-03  0.495893631384E-03 -0.128702951392E-03  0.410282325579E-04
