  0.762117176668     -0.138471664710      0.292744050526E-01 -0.129420129821E-01  0.921646959230E-03 -0.150531528541E-02
 -0.138471664710      0.160161751745     -0.868365041062E-02  0.111786504938E-01  0.917116431230E-03  0.136200779913E-02
  0.292744050526E-01 -0.868365041062E-02  0.565842239513E-01 -0.790152507221E-02 -0.111610647175E-01  0.268744137271E-02
 -0.129420129821E-01  0.111786504938E-01 -0.790152507221E-02  0.182149612609E-01 -0.349933778281E-03  0.160571048153E-02
  0.921646959230E-03  0.917116431230E-03 -0.111610647175E-01 -0.349933778281E-03  0.250154332690E-02 -0.774792910127E-03
 -0.150531528541E-02  0.136200779913E-02  0.268744137271E-02  0.160571048153E-02 -0.774792910127E-03  0.420343047908E-03
