  0.609758136837E-16  0.386057125101E-02  0.723652453175E-02 -0.710958339349E-02 -0.209011844411E-02  0.220079339682E-02
 -0.386057125101E-02 -0.334401528461E-17  0.271864739241E-02 -0.144226452800E-02  0.109219446270E-02 -0.712898530590E-03
 -0.723652453175E-02 -0.271864739241E-02  0.551315277118E-17 -0.187021341949E-02  0.116691450462E-02 -0.637469362208E-03
  0.710958339349E-02  0.144226452800E-02  0.187021341949E-02  0.115079538344E-17 -0.587496862397E-03  0.365715112161E-03
  0.209011844411E-02 -0.109219446270E-02 -0.116691450462E-02  0.587496862397E-03  0.642914461225E-19 -0.459959220456E-04
 -0.220079339682E-02  0.712898530590E-03  0.637469362208E-03 -0.365715112161E-03  0.459959220456E-04  0.296326585912E-20
