 -0.141895907424E-16  0.215313984525E-01  0.622998085882E-02  0.500188290215E-02  0.879877597914E-03 -0.390097020787E-02
 -0.215313984525E-01 -0.305350616445E-16  0.385096823023E-01 -0.219457640108E-01  0.413648018350E-02  0.102815447302E-02
 -0.622998085882E-02 -0.385096823023E-01 -0.432753780088E-18  0.703544466694E-03 -0.371244856097E-02 -0.181097244735E-02
 -0.500188290215E-02  0.219457640108E-01 -0.703544466694E-03 -0.418328654085E-17 -0.118357805137E-02  0.182404127639E-02
 -0.879877597914E-03 -0.413648018350E-02  0.371244856097E-02  0.118357805137E-02  0.712240596394E-18 -0.100335464942E-02
  0.390097020787E-02 -0.102815447302E-02  0.181097244735E-02 -0.182404127639E-02  0.100335464942E-02 -0.520516021297E-18
