  0.636049605376     -0.532644246358E-01 -0.121797826262      0.480622911331E-01  0.930043177753E-02 -0.103568096307E-01
 -0.532644246358E-01  0.228278120250     -0.329597222269E-01 -0.256211416590E-01  0.717055941604E-02 -0.156412437882E-02
 -0.121797826262     -0.329597222269E-01  0.990551090711E-01 -0.179349128366E-01 -0.145987288518E-01  0.630568338982E-02
  0.480622911331E-01 -0.256211416590E-01 -0.179349128366E-01  0.237650218121E-01 -0.852154436372E-02  0.229130434609E-02
  0.930043177753E-02  0.717055941604E-02 -0.145987288518E-01 -0.852154436372E-02  0.112825922342E-01 -0.397204937301E-02
 -0.103568096307E-01 -0.156412437882E-02  0.630568338982E-02  0.229130434609E-02 -0.397204937301E-02  0.156955125648E-02
