  0.826874173361E-17 -0.493042030896E-02 -0.305414083108E-01 -0.137220464663E-02 -0.450663679729E-03  0.663696321925E-02
  0.493042030896E-02 -0.229393401663E-16  0.338214090538E-01  0.325695769772E-02 -0.239065930944E-01  0.127511955066E-01
  0.305414083108E-01 -0.338214090538E-01  0.403315420831E-17 -0.146686695601E-01  0.102953517694E-01 -0.722218238561E-02
  0.137220464663E-02 -0.325695769772E-02  0.146686695601E-01  0.182670861373E-16 -0.528703041443E-02  0.446912153268E-02
  0.450663679729E-03  0.239065930944E-01 -0.102953517694E-01  0.528703041443E-02  0.992776420507E-19 -0.130269882375E-02
 -0.663696321925E-02 -0.127511955066E-01  0.722218238561E-02 -0.446912153268E-02  0.130269882375E-02  0.122545839406E-17
