  0.641100085170     -0.618039209934E-01 -0.122520835227      0.591250232053E-01  0.408159228680E-03 -0.425008402020E-03
 -0.618039209934E-01  0.229902598565     -0.278124105146E-01 -0.263035204990E-01  0.106805460627E-01 -0.266550411236E-02
 -0.122520835227     -0.278124105146E-01  0.999362178901E-01 -0.208630963780E-01 -0.131055059306E-01  0.296738433670E-02
  0.591250232053E-01 -0.263035204990E-01 -0.208630963780E-01  0.221679878503E-01 -0.493730416102E-02  0.117567600963E-02
  0.408159228680E-03  0.106805460627E-01 -0.131055059306E-01 -0.493730416102E-02  0.632695797023E-02 -0.169475305160E-02
 -0.425008402020E-03 -0.266550411236E-02  0.296738433670E-02  0.117567600963E-02 -0.169475305160E-02  0.566152554061E-03
