  0.851238613705     -0.153398744422      0.109470570834E-01  0.668595003545E-03  0.118143253043E-01  0.696860319536E-03
 -0.153398744422      0.125269594890      0.559559561774E-02 -0.120621825844E-01  0.311439216371E-02  0.266482070035E-02
  0.109470570834E-01  0.559559561774E-02  0.145501294521E-01 -0.334570177114E-02  0.207707483023E-02 -0.145757061541E-02
  0.668595003545E-03 -0.120621825844E-01 -0.334570177114E-02  0.478508219524E-02 -0.155953382981E-02 -0.527775195520E-03
  0.118143253043E-01  0.311439216371E-02  0.207707483023E-02 -0.155953382981E-02  0.257393746025E-02  0.127476375041E-03
  0.696860319536E-03  0.266482070035E-02 -0.145757061541E-02 -0.527775195520E-03  0.127476375041E-03  0.158264229814E-02
