  0.949937088608E-17  0.398220130298E-01  0.285746546572E-02 -0.258532708927E-01  0.206384199628E-02 -0.936734959145E-02
 -0.398220130298E-01  0.122777110688E-16  0.638147859855E-02 -0.126409913252E-01 -0.107007509378E-01  0.592474528315E-02
 -0.285746546572E-02 -0.638147859855E-02  0.196349129518E-17 -0.188067451238E-02  0.156051676763E-02  0.465418109819E-02
  0.258532708927E-01  0.126409913252E-01  0.188067451238E-02  0.936192649542E-17 -0.330478395698E-02 -0.171691902688E-04
 -0.206384199628E-02  0.107007509378E-01 -0.156051676763E-02  0.330478395698E-02  0.256726486845E-17 -0.112570204919E-02
  0.936734959145E-02 -0.592474528315E-02 -0.465418109819E-02  0.171691902688E-04  0.112570204919E-02  0.226390546334E-17
