  0.839505571168     -0.182759529681E-01 -0.763225382321E-01  0.172358352567E-01 -0.280643906723E-03 -0.339112875304E-02
 -0.182759529681E-01  0.111111681190     -0.139171182471E-01  0.744213051215E-02 -0.436670552024E-02 -0.177279831442E-02
 -0.763225382321E-01 -0.139171182471E-01  0.315139918666E-01 -0.604747137996E-02 -0.840168926946E-02  0.580046659394E-02
  0.172358352567E-01  0.744213051215E-02 -0.604747137996E-02  0.999450682692E-02  0.138759254506E-02  0.754459442084E-03
 -0.280643906723E-03 -0.436670552024E-02 -0.840168926946E-02  0.138759254506E-02  0.440327190728E-02 -0.280241126130E-02
 -0.339112875304E-02 -0.177279831442E-02  0.580046659394E-02  0.754459442084E-03 -0.280241126130E-02  0.347097704139E-02
