  0.734622627539     -0.145755618010      0.943157554392E-02  0.422320877193E-02  0.733214768007E-04  0.115562983920E-02
 -0.145755618010      0.225547089620     -0.198870649868E-01  0.334766651384E-02  0.282566961657E-02  0.218846787377E-02
  0.943157554392E-02 -0.198870649868E-01  0.210967764381E-01 -0.355875775168E-02 -0.891185415849E-02  0.440502587614E-02
  0.422320877193E-02  0.334766651384E-02 -0.355875775168E-02  0.102196372549E-01  0.934319976581E-04  0.151260513438E-02
  0.733214768007E-04  0.282566961657E-02 -0.891185415849E-02  0.934319976581E-04  0.531128728643E-02 -0.200119727674E-02
  0.115562983920E-02  0.218846787377E-02  0.440502587614E-02  0.151260513438E-02 -0.200119727674E-02  0.320258186253E-02
