  0.510104800832      0.221939108644E-02 -0.890936785834E-01  0.367320565154E-01  0.480626599931E-02 -0.678354668957E-02
  0.221939108644E-02  0.302718799380     -0.641185621135E-01  0.134516151964E-01 -0.184494557291E-01  0.474674722672E-02
 -0.890936785834E-01 -0.641185621135E-01  0.143817658133     -0.518125443424E-01  0.348373078654E-02  0.262464008893E-02
  0.367320565154E-01  0.134516151964E-01 -0.518125443424E-01  0.344751325620E-01 -0.988396273269E-02  0.116752642187E-03
  0.480626599931E-02 -0.184494557291E-01  0.348373078654E-02 -0.988396273269E-02  0.812513670729E-02 -0.188952889095E-02
 -0.678354668957E-02  0.474674722672E-02  0.262464008893E-02  0.116752642187E-03 -0.188952889095E-02  0.758472385836E-03
