  0.587332253207      0.814660115246E-03 -0.503829437513E-01  0.301262774761E-01 -0.182855532053E-02  0.406967616549E-02
  0.814660115246E-03  0.316998444122     -0.105443447498      0.465875962843E-02 -0.778808594820E-02  0.362169010891E-02
 -0.503829437513E-01 -0.105443447498      0.793798964248E-01 -0.159571702444E-01 -0.329889012734E-02  0.171441984021E-02
  0.301262774761E-01  0.465875962843E-02 -0.159571702444E-01  0.143003740917E-01 -0.353809549736E-03 -0.120371281064E-02
 -0.182855532053E-02 -0.778808594820E-02 -0.329889012734E-02 -0.353809549736E-03  0.154547487434E-02 -0.521548913576E-03
  0.406967616549E-02  0.362169010891E-02  0.171441984021E-02 -0.120371281064E-02 -0.521548913576E-03  0.443557279539E-03
