 -0.596284679583E-17  0.722131713672E-02  0.805840879192E-02 -0.385333912642E-02 -0.521308505574E-02  0.135477398407E-01
 -0.722131713672E-02 -0.207158266589E-17  0.274221837368E-01 -0.314460104432E-02 -0.505124226866E-02  0.347332287296E-02
 -0.805840879192E-02 -0.274221837368E-01 -0.893842974249E-17 -0.685338923169E-02  0.101337498279E-02 -0.468269957096E-02
  0.385333912642E-02  0.314460104432E-02  0.685338923169E-02  0.664694139033E-17 -0.264055328497E-02  0.254928451467E-02
  0.521308505574E-02  0.505124226866E-02 -0.101337498279E-02  0.264055328497E-02  0.126763185439E-17  0.124349920282E-03
 -0.135477398407E-01 -0.347332287296E-02  0.468269957096E-02 -0.254928451467E-02 -0.124349920282E-03 -0.181663427210E-17
