  0.243122852636E-16  0.191977567536E-01 -0.211697353211E-01  0.941820942942E-02 -0.316126682623E-02  0.185987168220E-03
 -0.191977567536E-01 -0.112543586175E-16  0.245882245070E-01 -0.107224409788E-01 -0.135400274592E-01  0.275436947577E-02
  0.211697353211E-01 -0.245882245070E-01  0.210075086217E-16  0.425471139845E-02 -0.236517607909E-03 -0.195901377545E-02
 -0.941820942942E-02  0.107224409788E-01 -0.425471139845E-02  0.244711121937E-18  0.128049846810E-02  0.220624289011E-03
  0.316126682623E-02  0.135400274592E-01  0.236517607909E-03 -0.128049846810E-02 -0.345889758892E-17 -0.447414453745E-03
 -0.185987168220E-03 -0.275436947577E-02  0.195901377545E-02 -0.220624289011E-03  0.447414453745E-03  0.244711121937E-18
