  0.521848757405      0.478514534972E-01 -0.750818143575E-01  0.162598841587E-01  0.679912122233E-02 -0.106335943857E-02
  0.478514534972E-01  0.368692877098     -0.128119818296      0.483388952507E-02  0.208096996485E-02 -0.451275722514E-02
 -0.750818143575E-01 -0.128119818296      0.943012740660E-01 -0.162580446513E-01 -0.902316932691E-02  0.513634420915E-02
  0.162598841587E-01  0.483388952507E-02 -0.162580446513E-01  0.123893622843E-01  0.897635805539E-03 -0.185371612311E-02
  0.679912122233E-02  0.208096996485E-02 -0.902316932691E-02  0.897635805539E-03  0.225313890096E-02 -0.694014134615E-03
 -0.106335943857E-02 -0.451275722514E-02  0.513634420915E-02 -0.185371612311E-02 -0.694014134615E-03  0.514590245689E-03
