 -0.285668818334E-17  0.233026541700E-01  0.589538839313E-02 -0.599345976985E-02  0.132743303071E-01  0.246472659213E-01
 -0.233026541700E-01  0.682939452186E-17  0.146346018484E-01 -0.864842763283E-02 -0.471790689969E-03 -0.751669440932E-02
 -0.589538839313E-02 -0.146346018484E-01 -0.452375273601E-17 -0.397130252698E-02  0.875891165320E-03 -0.787448113011E-03
  0.599345976985E-02  0.864842763283E-02  0.397130252698E-02 -0.145246480492E-17 -0.226647212929E-02  0.229498306324E-02
 -0.132743303071E-01  0.471790689969E-03 -0.875891165320E-03  0.226647212929E-02 -0.568950432057E-18 -0.262309274275E-03
 -0.246472659213E-01  0.751669440932E-02  0.787448113011E-03 -0.229498306324E-02  0.262309274275E-03  0.268858919205E-17
