 -0.245434828372E-17  0.103167715227E-01  0.154902655087E-01 -0.116828038428E-01 -0.164041518055E-01  0.126866263975E-01
 -0.103167715227E-01  0.417157123006E-17  0.231846159038E-01 -0.149381864978E-01  0.315253481996E-02  0.575288370526E-02
 -0.154902655087E-01 -0.231846159038E-01 -0.111373235831E-16  0.147015156038E-02  0.596577553591E-03 -0.555399238911E-02
  0.116828038428E-01  0.149381864978E-01 -0.147015156038E-02 -0.491197997652E-17 -0.901707143046E-02  0.317260310966E-02
  0.164041518055E-01 -0.315253481996E-02 -0.596577553591E-03  0.901707143046E-02 -0.608087360729E-17 -0.226964089076E-02
 -0.126866263975E-01 -0.575288370526E-02  0.555399238911E-02 -0.317260310966E-02  0.226964089076E-02 -0.260210169211E-17
