  0.839607379326     -0.145373077436E-01  0.647388070334E-01  0.170958234387E-01 -0.367067375148E-02 -0.290072610958E-02
 -0.145373077436E-01  0.766902977835E-01 -0.339849729409E-01  0.598219131589E-02 -0.238327253654E-02  0.126596099761E-02
  0.647388070334E-01 -0.339849729409E-01  0.800948932037E-01 -0.134214641651E-02 -0.279185895453E-03 -0.841938572978E-04
  0.170958234387E-01  0.598219131589E-02 -0.134214641651E-02  0.324103464900E-02 -0.654727220335E-03  0.350875045779E-03
 -0.367067375148E-02 -0.238327253654E-02 -0.279185895453E-03 -0.654727220335E-03  0.250247542828E-03 -0.544996001391E-04
 -0.290072610958E-02  0.126596099761E-02 -0.841938572978E-04  0.350875045779E-03 -0.544996001391E-04  0.116147495082E-03
