  0.512582485485     -0.183112203829      0.172116599385E-01 -0.237322885041E-02 -0.180739042820E-04 -0.803033746830E-03
 -0.183112203829      0.442041252851     -0.864768565795E-01  0.133915184979E-01 -0.375348548761E-02  0.532419435569E-02
  0.172116599385E-01 -0.864768565795E-01  0.301066510294E-01 -0.880661074399E-02 -0.420574092353E-02  0.443556422207E-03
 -0.237322885041E-02  0.133915184979E-01 -0.880661074399E-02  0.116493250650E-01 -0.945263790767E-03 -0.518850310898E-03
 -0.180739042820E-04 -0.375348548761E-02 -0.420574092353E-02 -0.945263790767E-03  0.335683496832E-02 -0.695883879386E-03
 -0.803033746830E-03  0.532419435569E-02  0.443556422207E-03 -0.518850310898E-03 -0.695883879386E-03  0.263450601134E-03
