 -0.751045953277E-17  0.384818881854E-01  0.139887866169E-01 -0.608407333204E-02  0.103649579585E-01  0.232700566862E-01
 -0.384818881854E-01  0.743506172374E-18  0.381262188454E-02 -0.165704814987E-01  0.277451607618E-02 -0.422852046795E-02
 -0.139887866169E-01 -0.381262188454E-02 -0.390811976803E-17 -0.404329498520E-02  0.144862038453E-02 -0.201794950104E-02
  0.608407333204E-02  0.165704814987E-01  0.404329498520E-02 -0.141370891930E-17 -0.219522145681E-02  0.331244393900E-02
 -0.103649579585E-01 -0.277451607618E-02 -0.144862038453E-02  0.219522145681E-02 -0.201060824079E-18 -0.255005237927E-03
 -0.232700566862E-01  0.422852046795E-02  0.201794950104E-02 -0.331244393900E-02  0.255005237927E-03 -0.197081495269E-17
