  0.586229364132     -0.336055043922E-02 -0.127080587192      0.208025027404E-01  0.128186900702E-01 -0.660720311378E-02
 -0.336055043922E-02  0.286654624474     -0.198544777790E-01 -0.201582395771E-01  0.156652860053E-01 -0.152548057314E-01
 -0.127080587192     -0.198544777790E-01  0.102773447654     -0.218329131638E-01 -0.218906920154E-01  0.842260137341E-02
  0.208025027404E-01 -0.201582395771E-01 -0.218329131638E-01  0.102172037087E-01  0.292380715602E-02 -0.282359992778E-02
  0.128186900702E-01  0.156652860053E-01 -0.218906920154E-01  0.292380715602E-02  0.102387435866E-01 -0.247092567333E-02
 -0.660720311378E-02 -0.152548057314E-01  0.842260137341E-02 -0.282359992778E-02 -0.247092567333E-02  0.388661644526E-02
