  0.585186674197     -0.283366099576E-01 -0.506718630696E-01  0.217001467195E-01  0.120152254356E-03 -0.358853763135E-04
 -0.283366099576E-01  0.333107066814     -0.873318824545E-01  0.110714168112E-01 -0.818233811115E-02 -0.146547015933E-02
 -0.506718630696E-01 -0.873318824545E-01  0.677569375759E-01 -0.184933820252E-01 -0.378489322164E-02  0.358747708678E-02
  0.217001467195E-01  0.110714168112E-01 -0.184933820252E-01  0.118371802760E-01  0.449765473971E-03 -0.158305133921E-02
  0.120152254356E-03 -0.818233811115E-02 -0.378489322164E-02  0.449765473971E-03  0.164795798861E-02 -0.550484938052E-03
 -0.358853763135E-04 -0.146547015933E-02  0.358747708678E-02 -0.158305133921E-02 -0.550484938052E-03  0.464183148204E-03
