  0.632918487012     -0.692939822553E-01 -0.957134894876E-01  0.321625931400E-01  0.864964277098E-02 -0.306831240546E-03
 -0.692939822553E-01  0.260444324557     -0.274092278405E-01 -0.255780672126E-01  0.914944892482E-02 -0.390386253052E-02
 -0.957134894876E-01 -0.274092278405E-01  0.820413548466E-01 -0.148102526433E-01 -0.164582232839E-01  0.729986510579E-02
  0.321625931400E-01 -0.255780672126E-01 -0.148102526433E-01  0.167763358808E-01 -0.279090643619E-02 -0.721906518881E-03
  0.864964277098E-02  0.914944892482E-02 -0.164582232839E-01 -0.279090643619E-02  0.676959058808E-02 -0.214798403782E-02
 -0.306831240546E-03 -0.390386253052E-02  0.729986510579E-02 -0.721906518881E-03 -0.214798403782E-02  0.104990711546E-02
