  0.398237858995E-17 -0.598954645849E-02 -0.295211129955E-03 -0.131843306200E-01 -0.812852233284E-02 -0.307083504655E-02
  0.598954645849E-02  0.484276375195E-17  0.367253838000E-01 -0.325645949282E-02 -0.209856095321E-02  0.131645572968E-02
  0.295211129955E-03 -0.367253838000E-01  0.196307939246E-16 -0.186634930492E-01  0.320459221802E-02 -0.206966252155E-02
  0.131843306200E-01  0.325645949282E-02  0.186634930492E-01 -0.541521465418E-17 -0.786595483905E-03  0.565746520368E-03
  0.812852233284E-02  0.209856095321E-02 -0.320459221802E-02  0.786595483905E-03 -0.715563627780E-19 -0.235489157403E-05
  0.307083504655E-02 -0.131645572968E-02  0.206966252155E-02 -0.565746520368E-03  0.235489157403E-05  0.909139609176E-20
