  0.339920395234E-16  0.836754006676E-02 -0.304807105483E-01  0.652599717439E-02 -0.231168592343E-02 -0.633127919183E-04
 -0.836754006676E-02  0.514904875921E-16 -0.394274278459E-02  0.451279291427E-02 -0.128694403896E-02  0.252073157861E-02
  0.304807105483E-01  0.394274278459E-02 -0.186547543636E-16 -0.643105988473E-02  0.663423905684E-02  0.401703602220E-02
 -0.652599717439E-02 -0.451279291427E-02  0.643105988473E-02 -0.712534689868E-17  0.382022353552E-03 -0.228409970530E-02
  0.231168592343E-02  0.128694403896E-02 -0.663423905684E-02 -0.382022353552E-03 -0.900043818781E-17  0.234299689994E-02
  0.633127919183E-04 -0.252073157861E-02 -0.401703602220E-02  0.228409970530E-02 -0.234299689994E-02 -0.284899687696E-17
