  0.767413965382      0.108884174091E-01 -0.779703701985E-01  0.300468550849E-01  0.187747476872E-02 -0.154000384372E-01
  0.108884174091E-01  0.196328424579     -0.313414109517E-01  0.329187637873E-03 -0.805152412348E-02  0.346348863475E-02
 -0.779703701985E-01 -0.313414109517E-01  0.229754136279E-01 -0.403507171321E-02 -0.185189332696E-02  0.738881485721E-02
  0.300468550849E-01  0.329187637873E-03 -0.403507171321E-02  0.492565558776E-02  0.135748153325E-02 -0.301549017591E-02
  0.187747476872E-02 -0.805152412348E-02 -0.185189332696E-02  0.135748153325E-02  0.159909197010E-02 -0.267076205757E-02
 -0.154000384372E-01  0.346348863475E-02  0.738881485721E-02 -0.301549017591E-02 -0.267076205757E-02  0.675744885314E-02
