  0.114141861232E-16  0.471990269966E-01 -0.317414370322E-02  0.736755774226E-02  0.597457721382E-02 -0.645312210035E-03
 -0.471990269966E-01  0.276280524568E-16  0.397927377043E-02 -0.166266471848E-01 -0.836180048461E-02  0.637937758977E-02
  0.317414370322E-02 -0.397927377043E-02  0.241350467520E-16 -0.163237712626E-03  0.240978388520E-02 -0.195038083211E-02
 -0.736755774226E-02  0.166266471848E-01  0.163237712626E-03 -0.645223914407E-17 -0.197247341159E-02  0.427383914366E-03
 -0.597457721382E-02  0.836180048461E-02 -0.240978388520E-02  0.197247341159E-02 -0.764361884043E-18 -0.240886843615E-03
  0.645312210035E-03 -0.637937758977E-02  0.195038083211E-02 -0.427383914366E-03  0.240886843615E-03 -0.201999441685E-18
