  0.673128013575     -0.616173988005E-01 -0.531051129922E-02  0.169891766400E-02  0.901893831020E-04  0.194982852957E-01
 -0.616173988005E-01  0.294687746772     -0.500369177627E-01 -0.400953916330E-02  0.176741580728E-02 -0.415950111795E-03
 -0.531051129922E-02 -0.500369177627E-01  0.252996045507E-01  0.691802363282E-03 -0.243203604380E-02 -0.746474762548E-03
  0.169891766400E-02 -0.400953916330E-02  0.691802363282E-03  0.371512251640E-02 -0.725435686785E-04  0.149747276824E-03
  0.901893831020E-04  0.176741580728E-02 -0.243203604380E-02 -0.725435686785E-04  0.592105320250E-03 -0.213741852177E-03
  0.194982852957E-01 -0.415950111795E-03 -0.746474762548E-03  0.149747276824E-03 -0.213741852177E-03  0.257740726476E-02
