  0.813198082600E-17 -0.674017235084E-02 -0.130581593310E-01 -0.456178509196E-02 -0.777985672203E-02 -0.150005904520E-02
  0.674017235084E-02  0.156784368115E-16  0.166054446022E-01  0.227749016771E-02 -0.199073157662E-02  0.153029727614E-02
  0.130581593310E-01 -0.166054446022E-01  0.903859993391E-17 -0.262660970821E-02  0.548781114086E-03 -0.117743860571E-04
  0.456178509196E-02 -0.227749016771E-02  0.262660970821E-02  0.118393789387E-16 -0.159687317667E-02  0.667629394960E-03
  0.777985672203E-02  0.199073157662E-02 -0.548781114086E-03  0.159687317667E-02  0.648854851743E-18 -0.127951891257E-03
  0.150005904520E-02 -0.153029727614E-02  0.117743860571E-04 -0.667629394960E-03  0.127951891257E-03  0.258261915251E-19
