  0.986165787491     -0.102076744458      0.603907856473E-02 -0.240208097363E-02 -0.309499217786E-02  0.207696700596E-02
 -0.102076744458      0.135842815393E-01 -0.952389059920E-03  0.410987664214E-03  0.305899362837E-03 -0.261507213764E-03
  0.603907856473E-02 -0.952389059920E-03  0.140907858810E-03 -0.458168181781E-04 -0.199105559843E-04  0.185110898346E-04
 -0.240208097363E-02  0.410987664214E-03 -0.458168181781E-04  0.904172549995E-04 -0.745091422095E-05 -0.147154837486E-04
 -0.309499217786E-02  0.305899362837E-03 -0.199105559843E-04 -0.745091422095E-05  0.128347876479E-04 -0.491419263042E-05
  0.207696700596E-02 -0.261507213764E-03  0.185110898346E-04 -0.147154837486E-04 -0.491419263042E-05  0.577106858995E-05
