  0.512525737746     -0.131683088853E-01 -0.109122976613      0.499475138717E-01 -0.887363194962E-02  0.714806045655E-03
 -0.131683088853E-01  0.247466773827     -0.541248525383E-01 -0.820687688301E-02 -0.211429514562E-02  0.100339135880E-02
 -0.109122976613     -0.541248525383E-01  0.175105899390     -0.679005920422E-01  0.730369233737E-02 -0.489990878529E-02
  0.499475138717E-01 -0.820687688301E-02 -0.679005920422E-01  0.490725561477E-01 -0.125575467951E-01  0.332833427972E-03
 -0.887363194962E-02 -0.211429514562E-02  0.730369233737E-02 -0.125575467951E-01  0.133009072832E-01 -0.330641021204E-02
  0.714806045655E-03  0.100339135880E-02 -0.489990878529E-02  0.332833427972E-03 -0.330641021204E-02  0.252812560569E-02
