  0.729066494409     -0.298449378163      0.367940237970E-02  0.957907115314E-02 -0.249757187903E-02 -0.451186649725E-04
 -0.298449378163      0.221303670206     -0.376131089604E-01 -0.442841943367E-02 -0.988129806830E-03  0.175330985047E-02
  0.367940237970E-02 -0.376131089604E-01  0.385589922821E-01 -0.151434201630E-01  0.252382897710E-02  0.168533003407E-03
  0.957907115314E-02 -0.442841943367E-02 -0.151434201630E-01  0.104540536842E-01 -0.169757459937E-02 -0.509301953589E-03
 -0.249757187903E-02 -0.988129806830E-03  0.252382897710E-02 -0.169757459937E-02  0.536896090321E-03  0.664981464326E-05
 -0.451186649725E-04  0.175330985047E-02  0.168533003407E-03 -0.509301953589E-03  0.664981464326E-05  0.798933287648E-04
