  0.733133095834     -0.292231930109E-01 -0.700282657169E-01  0.256269921864E-01  0.107003311137E-01 -0.139122849719E-01
 -0.292231930109E-01  0.225860562856     -0.395597323783E-01  0.727711986005E-02 -0.120245236698E-01  0.411252402110E-02
 -0.700282657169E-01 -0.395597323783E-01  0.290123176318E-01 -0.766015193150E-02 -0.203821993863E-02  0.297269899680E-02
  0.256269921864E-01  0.727711986005E-02 -0.766015193150E-02  0.512537858245E-02  0.636294040078E-03  0.102513712780E-02
  0.107003311137E-01 -0.120245236698E-01 -0.203821993863E-02  0.636294040078E-03  0.203548620866E-02 -0.182155093155E-02
 -0.139122849719E-01  0.411252402110E-02  0.297269899680E-02  0.102513712780E-02 -0.182155093155E-02  0.483315888779E-02
