  0.729616708245     -0.874137419561E-02 -0.985113521865E-01  0.181450955559E-01  0.610260313603E-02 -0.734633801619E-02
 -0.874137419561E-02  0.227313864945     -0.230262885170E-01 -0.106169970085E-01  0.564394625437E-02 -0.416314979498E-02
 -0.985113521865E-01 -0.230262885170E-01  0.283925426589E-01 -0.239431321836E-02 -0.635524144978E-02  0.455795350901E-02
  0.181450955559E-01 -0.106169970085E-01 -0.239431321836E-02  0.617170350665E-02 -0.357308173004E-04 -0.220559281751E-03
  0.610260313603E-02  0.564394625437E-02 -0.635524144978E-02 -0.357308173004E-04  0.343236719830E-02 -0.326273368420E-02
 -0.734633801619E-02 -0.416314979498E-02  0.455795350901E-02 -0.220559281751E-03 -0.326273368420E-02  0.507281344684E-02
