  0.814865391746     -0.112622424860      0.412661453313E-01 -0.298373736246E-01  0.225421669266E-02  0.124176610129E-02
 -0.112622424860      0.120830219629     -0.141103060377E-01  0.172864179527E-01 -0.242431030200E-02 -0.112056657557E-02
  0.412661453313E-01 -0.141103060377E-01  0.573699773106E-01 -0.108860489085E-01 -0.328900245074E-02  0.242826351214E-02
 -0.298373736246E-01  0.172864179527E-01 -0.108860489085E-01  0.645262328168E-02  0.281162619089E-04 -0.506470889582E-03
  0.225421669266E-02 -0.242431030200E-02 -0.328900245074E-02  0.281162619089E-04  0.366759762227E-03 -0.151147300541E-03
  0.124176610129E-02 -0.112056657557E-02  0.242826351214E-02 -0.506470889582E-03 -0.151147300541E-03  0.115028270363E-03
