  0.115105188036E-18 -0.202854650555E-01 -0.104571919458E-02 -0.695709842694E-02 -0.102178970538E-02  0.478958302253E-02
  0.202854650555E-01  0.797616863156E-19 -0.527154432210E-03  0.202417465538E-03  0.766341244540E-04 -0.752060724882E-04
  0.104571919458E-02  0.527154432210E-03 -0.128159994978E-19 -0.904028982539E-04 -0.199453786247E-04  0.404773328458E-04
  0.695709842694E-02 -0.202417465538E-03  0.904028982539E-04 -0.437813647441E-21 -0.436890503194E-04  0.919088072392E-05
  0.102178970538E-02 -0.766341244540E-04  0.199453786247E-04  0.436890503194E-04 -0.147264590503E-20 -0.239298324207E-04
 -0.478958302253E-02  0.752060724882E-04 -0.404773328458E-04 -0.919088072392E-05  0.239298324207E-04  0.597018610147E-22
