  0.412673758140     -0.449315178586E-01 -0.268142604197E-01  0.387282682107E-01 -0.101047319873E-01  0.184132813977E-02
 -0.449315178586E-01  0.453511063357     -0.112760392394      0.296586808125E-01 -0.267872862650E-01  0.894278380491E-02
 -0.268142604197E-01 -0.112760392394      0.909220741035E-01 -0.316639441493E-01  0.708554204007E-02  0.238774547352E-03
  0.387282682107E-01  0.296586808125E-01 -0.316639441493E-01  0.347156257321E-01 -0.137992529079E-01  0.111915163249E-02
 -0.101047319873E-01 -0.267872862650E-01  0.708554204007E-02 -0.137992529079E-01  0.769454361548E-02 -0.127954286632E-02
  0.184132813977E-02  0.894278380491E-02  0.238774547352E-03  0.111915163249E-02 -0.127954286632E-02  0.482935052345E-03
