  0.671084586096E-17 -0.874321097188E-02  0.110948052240E-01 -0.192956481871E-01 -0.686056514095E-02 -0.982551419850E-02
  0.874321097188E-02  0.631972133800E-16  0.265910944208E-01 -0.829526698071E-02 -0.124697253063E-01  0.627931735926E-02
 -0.110948052240E-01 -0.265910944208E-01  0.150660538492E-16 -0.171985946232E-01  0.609525541411E-02 -0.849803108636E-03
  0.192956481871E-01  0.829526698071E-02  0.171985946232E-01 -0.220131786797E-16 -0.465340068981E-02  0.124170557481E-02
  0.686056514095E-02  0.124697253063E-01 -0.609525541411E-02  0.465340068981E-02 -0.255503881974E-17 -0.472875747116E-03
  0.982551419850E-02 -0.627931735926E-02  0.849803108636E-03 -0.124170557481E-02  0.472875747116E-03  0.114864492581E-17
