 -0.251215420184E-17  0.292602962028E-01 -0.491045027150E-02  0.288334070431E-02  0.116798770034E-02  0.136634914529E-02
 -0.292602962028E-01 -0.609299134795E-17  0.279369541222E-01 -0.797758332403E-02 -0.279318246839E-01  0.681022570154E-02
  0.491045027150E-02 -0.279369541222E-01  0.336618966446E-17 -0.333046157780E-02  0.243301562687E-02  0.166051694341E-02
 -0.288334070431E-02  0.797758332403E-02  0.333046157780E-02  0.148504910651E-17 -0.250191920365E-04 -0.351669446948E-03
 -0.116798770034E-02  0.279318246839E-01 -0.243301562687E-02  0.250191920365E-04   0.00000000000     -0.151274612485E-02
 -0.136634914529E-02 -0.681022570154E-02 -0.166051694341E-02  0.351669446948E-03  0.151274612485E-02  0.608241323798E-19
