  0.587751678571      0.958895120176E-02 -0.961996643939E-01  0.316779673054E-01  0.431165911062E-02 -0.143670286620E-01
  0.958895120176E-02  0.349713375861     -0.463677152302E-01 -0.325292784492E-01  0.547031581377E-02 -0.735518467367E-02
 -0.961996643939E-01 -0.463677152302E-01  0.395858131486E-01 -0.532756648846E-02 -0.110982897837E-01  0.742352498792E-02
  0.316779673054E-01 -0.325292784492E-01 -0.532756648846E-02  0.140182439368E-01 -0.181403773899E-03 -0.202845422917E-02
  0.431165911062E-02  0.547031581377E-02 -0.110982897837E-01 -0.181403773899E-03  0.733313061826E-02 -0.242391514418E-02
 -0.143670286620E-01 -0.735518467367E-02  0.742352498792E-02 -0.202845422917E-02 -0.242391514418E-02  0.159775786399E-02
