  0.681721849128      0.657204278732E-02 -0.376091798283E-01  0.303547186534E-02  0.726123295568E-02 -0.301268709566E-01
  0.657204278732E-02  0.256507605207     -0.518021109329E-01  0.115796886752E-01 -0.109428239351E-01 -0.218787851610E-02
 -0.376091798283E-01 -0.518021109329E-01  0.373329077277E-01 -0.414951105451E-02 -0.620607763182E-02  0.107037933896E-01
  0.303547186534E-02  0.115796886752E-01 -0.414951105451E-02  0.745024908705E-02  0.701173256825E-03  0.856665643547E-03
  0.726123295568E-02 -0.109428239351E-01 -0.620607763182E-02  0.701173256825E-03  0.365973664914E-02 -0.388439143144E-02
 -0.301268709566E-01 -0.218787851610E-02  0.107037933896E-01  0.856665643547E-03 -0.388439143144E-02  0.133276522016E-01
