  0.832463643184E-17  0.819423315167E-02  0.477034343733E-02 -0.133028003134E-01  0.315759783026E-03  0.435304739048E-02
 -0.819423315167E-02  0.170765033267E-17  0.239288018339E-01 -0.161187536910E-01  0.121494767759E-01 -0.558521736418E-02
 -0.477034343733E-02 -0.239288018339E-01  0.791806815643E-17 -0.497138473899E-02 -0.426965353072E-02  0.287063357181E-03
  0.133028003134E-01  0.161187536910E-01  0.497138473899E-02  0.560994286502E-17 -0.139199148401E-02  0.180174490453E-02
 -0.315759783026E-03 -0.121494767759E-01  0.426965353072E-02  0.139199148401E-02  0.330595001112E-18 -0.832174016401E-03
 -0.435304739048E-02  0.558521736418E-02 -0.287063357181E-03 -0.180174490453E-02  0.832174016401E-03 -0.132396940349E-18
