  0.826128717438     -0.151784569014E-01 -0.850350065479E-01  0.142032065496E-01 -0.843460329162E-02  0.871102887535E-03
 -0.151784569014E-01  0.124468207047     -0.879027812874E-02  0.118246310753E-01  0.119780724637E-02  0.281364092968E-03
 -0.850350065479E-01 -0.879027812874E-02  0.289559931148E-01 -0.797686265445E-02 -0.101588053098E-01  0.528600055217E-03
  0.142032065496E-01  0.118246310753E-01 -0.797686265445E-02  0.121966750886E-01 -0.127245938514E-04  0.284079430966E-03
 -0.843460329162E-02  0.119780724637E-02 -0.101588053098E-01 -0.127245938514E-04  0.820753882773E-02 -0.527696815556E-03
  0.871102887535E-03  0.281364092968E-03  0.528600055217E-03  0.284079430966E-03 -0.527696815556E-03  0.428684844401E-04
