  0.116193674815E-16  0.206602305611E-01 -0.937526195174E-03 -0.282549555567E-02  0.963139529630E-02  0.272657728130E-02
 -0.206602305611E-01  0.297733506317E-16  0.116197313366E-01 -0.104151641224E-02 -0.102488300365E-01  0.401141025195E-02
  0.937526195174E-03 -0.116197313366E-01  0.879635214267E-18  0.297822892025E-02 -0.643021434360E-02 -0.293122055408E-03
  0.282549555567E-02  0.104151641224E-02 -0.297822892025E-02  0.357991075574E-17 -0.226261723587E-02  0.153054368279E-02
 -0.963139529630E-02  0.102488300365E-01  0.643021434360E-02  0.226261723587E-02 -0.113534312539E-17 -0.176513842674E-02
 -0.272657728130E-02 -0.401141025195E-02  0.293122055408E-03 -0.153054368279E-02  0.176513842674E-02  0.768721907817E-19
