 -0.648183783145E-17 -0.352168979637E-02  0.186144328546E-02  0.136124566815E-01 -0.271996441941E-01  0.832552106314E-02
  0.352168979637E-02 -0.304157419325E-16  0.471678901612E-01 -0.138965639726E-01 -0.191469945419E-01  0.108813908076E-01
 -0.186144328546E-02 -0.471678901612E-01  0.461376464598E-17 -0.141377422888E-01  0.134046384490E-01 -0.332254408285E-02
 -0.136124566815E-01  0.138965639726E-01  0.141377422888E-01  0.191947654158E-16 -0.893006974239E-02  0.246560552505E-02
  0.271996441941E-01  0.191469945419E-01 -0.134046384490E-01  0.893006974239E-02  0.466391426170E-17 -0.115607020889E-02
 -0.832552106314E-02 -0.108813908076E-01  0.332254408285E-02 -0.246560552505E-02  0.115607020889E-02  0.863709592567E-18
