  0.843956416787     -0.192476280510      0.146865763052E-01 -0.508514561464E-02 -0.121347489433E-02  0.144656431364E-02
 -0.192476280510      0.120390196794     -0.230145002507E-01  0.591373194553E-03 -0.915975182393E-03 -0.518378182841E-04
  0.146865763052E-01 -0.230145002507E-01  0.292469414876E-01 -0.103511429519E-01  0.214526472981E-03  0.644136482858E-03
 -0.508514561464E-02  0.591373194553E-03 -0.103511429519E-01  0.607873892501E-02 -0.493192619606E-03 -0.200758354388E-03
 -0.121347489433E-02 -0.915975182393E-03  0.214526472981E-03 -0.493192619606E-03  0.274019659811E-03 -0.838535400723E-04
  0.144656431364E-02 -0.518378182841E-04  0.644136482858E-03 -0.200758354388E-03 -0.838535400723E-04  0.536863466714E-04
