  0.127377100289E-17  0.386155015448E-01  0.257334776688E-02 -0.235846238004E-03  0.378737645664E-02  0.752682826676E-02
 -0.386155015448E-01  0.331564512309E-17  0.821460353178E-02 -0.676673238596E-02 -0.192464845431E-01  0.540010474771E-02
 -0.257334776688E-02 -0.821460353178E-02 -0.844059981143E-17 -0.262196537055E-02  0.109172637022E-02  0.334673314638E-02
  0.235846238004E-03  0.676673238596E-02  0.262196537055E-02  0.206107669814E-17  0.331713370931E-03  0.726132499326E-04
 -0.378737645664E-02  0.192464845431E-01 -0.109172637022E-02 -0.331713370931E-03  0.227550548506E-17 -0.122842134906E-02
 -0.752682826676E-02 -0.540010474771E-02 -0.334673314638E-02 -0.726132499326E-04  0.122842134906E-02 -0.112185727524E-16
