  0.838888050973     -0.617741187091E-01 -0.530757918707E-02  0.149560750626E-01 -0.494601659183E-02 -0.135844377944E-02
 -0.617741187091E-01  0.123405821334      0.342387624578E-03  0.487837367696E-02  0.110545422376E-02 -0.173929040968E-02
 -0.530757918707E-02  0.342387624578E-03  0.169883810341E-01 -0.516495696910E-02  0.179050514365E-03  0.157389200773E-03
  0.149560750626E-01  0.487837367696E-02 -0.516495696910E-02  0.199457279492E-01 -0.265433924234E-02 -0.138751464989E-02
 -0.494601659183E-02  0.110545422376E-02  0.179050514365E-03 -0.265433924234E-02  0.597487744603E-03  0.958165720417E-04
 -0.135844377944E-02 -0.173929040968E-02  0.157389200773E-03 -0.138751464989E-02  0.958165720417E-04  0.174530965373E-03
