 -0.120584940610E-16  0.125235150661E-01  0.151702791675E-02  0.434093849304E-02  0.118572852893E-01  0.174132600421E-02
 -0.125235150661E-01 -0.210271040780E-16  0.399792468071E-01 -0.169773322677E-01  0.110448225139E-01 -0.842016208504E-02
 -0.151702791675E-02 -0.399792468071E-01 -0.270907340912E-17  0.240317898724E-02 -0.116612378462E-01  0.277937133818E-02
 -0.434093849304E-02  0.169773322677E-01 -0.240317898724E-02 -0.106015724747E-16 -0.466579551164E-02  0.492175290923E-02
 -0.118572852893E-01 -0.110448225139E-01  0.116612378462E-01  0.466579551164E-02  0.293401452251E-18 -0.379447606233E-02
 -0.174132600421E-02  0.842016208504E-02 -0.277937133818E-02 -0.492175290923E-02  0.379447606233E-02 -0.311127789991E-18
