  0.273027682847E-16  0.219641999929E-01  0.112488859124E-01 -0.714791015668E-02 -0.464501994745E-02  0.180554033842E-03
 -0.219641999929E-01  0.360548319122E-16  0.125378557557E-02 -0.326093032623E-01 -0.128084264500E-02  0.454982579110E-02
 -0.112488859124E-01 -0.125378557557E-02  0.385935434053E-17 -0.488507992152E-02  0.340674597941E-02 -0.123290639582E-02
  0.714791015668E-02  0.326093032623E-01  0.488507992152E-02 -0.797514418542E-17 -0.492513861691E-02  0.114217595757E-02
  0.464501994745E-02  0.128084264500E-02 -0.340674597941E-02  0.492513861691E-02 -0.107702911829E-17 -0.223212214554E-03
 -0.180554033842E-03 -0.454982579110E-02  0.123290639582E-02 -0.114217595757E-02  0.223212214554E-03 -0.641088760885E-20
