  0.575353520031E-18 -0.137129810079E-01 -0.285762696117E-02 -0.132434648745E-02 -0.169319801271E-02 -0.401437138588E-02
  0.137129810079E-01  0.150951887331E-17 -0.181605346778E-01 -0.941701599259E-02 -0.411033721660E-03  0.902802026228E-02
  0.285762696117E-02  0.181605346778E-01 -0.158258601027E-16 -0.839559759615E-02  0.636249722643E-02  0.297592882524E-02
  0.132434648745E-02  0.941701599259E-02  0.839559759615E-02 -0.645560199012E-17  0.226838344562E-02 -0.223102171007E-02
  0.169319801271E-02  0.411033721660E-03 -0.636249722643E-02 -0.226838344562E-02 -0.239274800131E-17  0.254451047893E-02
  0.401437138588E-02 -0.902802026228E-02 -0.297592882524E-02  0.223102171007E-02 -0.254451047893E-02 -0.164137594910E-17
