  0.575265146263     -0.581940687442E-02 -0.109565476126      0.249743138044E-01  0.100691413364E-01 -0.117856678807E-01
 -0.581940687442E-02  0.309485433807     -0.299312284779E-01 -0.275507595308E-01 -0.683622613168E-03 -0.955730928698E-02
 -0.109565476126     -0.299312284779E-01  0.963436314006E-01 -0.238491540126E-01 -0.531925202203E-02  0.108695407172E-01
  0.249743138044E-01 -0.275507595308E-01 -0.238491540126E-01  0.128229234571E-01  0.195357210178E-02 -0.283823480964E-02
  0.100691413364E-01 -0.683622613168E-03 -0.531925202203E-02  0.195357210178E-02  0.243496679931E-02 -0.201277141047E-02
 -0.117856678807E-01 -0.955730928698E-02  0.108695407172E-01 -0.283823480964E-02 -0.201277141047E-02  0.364789827295E-02
