  0.680975271055     -0.452267695868E-01 -0.887508812454E-01  0.113527660672E-01  0.261883975724E-01 -0.697048719985E-02
 -0.452267695868E-01  0.210307114018     -0.160729565573E-01 -0.182334576025E-01  0.165837974600E-02 -0.233623535041E-02
 -0.887508812454E-01 -0.160729565573E-01  0.912412265716E-01 -0.187920495638E-01 -0.157367415184E-01  0.889063710424E-02
  0.113527660672E-01 -0.182334576025E-01 -0.187920495638E-01  0.121872298720E-01  0.110748369893E-02 -0.206580438328E-02
  0.261883975724E-01  0.165837974600E-02 -0.157367415184E-01  0.110748369893E-02  0.413186307083E-02 -0.166698570698E-02
 -0.697048719985E-02 -0.233623535041E-02  0.889063710424E-02 -0.206580438328E-02 -0.166698570698E-02  0.115729541216E-02
