  0.989210336446     -0.926078330873E-01  0.405804197412E-02 -0.125192056187E-02 -0.543065305620E-02  0.508435896446E-03
 -0.926078330873E-01  0.106136361554E-01 -0.640330133199E-03  0.187554315370E-03  0.452247161464E-03 -0.112115607267E-03
  0.405804197412E-02 -0.640330133199E-03  0.931803780389E-04 -0.289040891378E-04 -0.165362585498E-04  0.126161484572E-04
 -0.125192056187E-02  0.187554315370E-03 -0.289040891378E-04  0.370562891872E-04 -0.710704551473E-05 -0.167394270908E-04
 -0.543065305620E-02  0.452247161464E-03 -0.165362585498E-04 -0.710704551473E-05  0.371555984210E-04  0.488148198490E-05
  0.508435896446E-03 -0.112115607267E-03  0.126161484572E-04 -0.167394270908E-04  0.488148198490E-05  0.863513315597E-05
