  0.447114129678E-18 -0.224576345019E-01  0.500760202474E-02 -0.846980573052E-02  0.214939086466E-02  0.522686217464E-02
  0.224576345019E-01  0.329585186500E-18 -0.716392840305E-03  0.987365039374E-03 -0.256048848094E-03 -0.562331993859E-03
 -0.500760202474E-02  0.716392840305E-03 -0.831052513760E-20 -0.651455884442E-04  0.251921652352E-04  0.316180062564E-04
  0.846980573052E-02 -0.987365039374E-03  0.651455884442E-04 -0.171330731510E-20 -0.255792388782E-04 -0.127549418831E-05
 -0.214939086466E-02  0.256048848094E-03 -0.251921652352E-04  0.255792388782E-04 -0.344630781773E-21 -0.146278175244E-04
 -0.522686217464E-02  0.562331993859E-03 -0.316180062564E-04  0.127549418831E-05  0.146278175244E-04 -0.275704625418E-21
