  0.164423808772E-16  0.580753952810E-02  0.814756366720E-02 -0.564127349269E-02  0.171969437327E-02 -0.284366434929E-03
 -0.580753952810E-02 -0.336463595751E-17  0.470177573205E-01 -0.306214334138E-01  0.570390698646E-02  0.201812208648E-02
 -0.814756366720E-02 -0.470177573205E-01  0.519200157050E-18 -0.445173754825E-02  0.258927068306E-02 -0.555569093299E-02
  0.564127349269E-02  0.306214334138E-01  0.445173754825E-02  0.292128281135E-16 -0.425737101200E-02  0.329385813805E-02
 -0.171969437327E-02 -0.570390698646E-02 -0.258927068306E-02  0.425737101200E-02  0.185911188765E-16 -0.129811716675E-02
  0.284366434929E-03 -0.201812208648E-02  0.555569093299E-02 -0.329385813805E-02  0.129811716675E-02  0.215058286061E-17
