  0.297722348048E-17  0.113561286474E-01  0.848888894817E-02  0.805501799998E-02  0.800093329322E-02 -0.753060430453E-02
 -0.113561286474E-01 -0.223662062464E-17  0.231076614065E-01 -0.983648712309E-02 -0.102660570391E-01  0.322625763996E-02
 -0.848888894817E-02 -0.231076614065E-01 -0.862061724198E-17 -0.792275528868E-02 -0.193050673499E-02 -0.150646647371E-02
 -0.805501799998E-02  0.983648712309E-02  0.792275528868E-02  0.228846282455E-17 -0.136745411749E-04  0.115264824069E-02
 -0.800093329322E-02  0.102660570391E-01  0.193050673499E-02  0.136745411749E-04 -0.198481565365E-17  0.288718460474E-03
  0.753060430453E-02 -0.322625763996E-02  0.150646647371E-02 -0.115264824069E-02 -0.288718460474E-03 -0.594796668596E-18
