  0.596051533029     -0.151796543009E-01 -0.119460989673      0.427458646036E-01  0.114211162924E-01 -0.552016564851E-02
 -0.151796543009E-01  0.220321274342     -0.713563796968E-01 -0.600491642126E-03 -0.932162932741E-03  0.123008438974E-02
 -0.119460989673     -0.713563796968E-01  0.139412426587     -0.382065566586E-01 -0.473777208700E-02  0.139489604745E-02
  0.427458646036E-01 -0.600491642126E-03 -0.382065566586E-01  0.319589384862E-01 -0.110545840522E-01  0.115085530757E-02
  0.114211162924E-01 -0.932162932741E-03 -0.473777208700E-02 -0.110545840522E-01  0.113111394721E-01 -0.254772459392E-02
 -0.552016564851E-02  0.123008438974E-02  0.139489604745E-02  0.115085530757E-02 -0.254772459392E-02  0.944688083867E-03
