 -0.168090094685E-16 -0.319956998441E-01 -0.670794719264E-02 -0.595567682434E-02 -0.177849486009E-01  0.125546461472E-01
  0.319956998441E-01 -0.193609288168E-17  0.498275466666E-01 -0.134550768722E-01 -0.195965662962E-01  0.633135663544E-02
  0.670794719264E-02 -0.498275466666E-01  0.113306112645E-16 -0.165158964343E-01  0.102150063424E-01 -0.559106626636E-02
  0.595567682434E-02  0.134550768722E-01  0.165158964343E-01 -0.193013567281E-17 -0.898144586101E-02  0.484806397117E-02
  0.177849486009E-01  0.195965662962E-01 -0.102150063424E-01  0.898144586101E-02  0.114974131127E-17  0.307174753316E-03
 -0.125546461472E-01 -0.633135663544E-02  0.559106626636E-02 -0.484806397117E-02 -0.307174753316E-03  0.178954554356E-16
