  0.650398344557     -0.488353553323E-01 -0.970798923359E-01  0.975627436862E-02  0.466346482964E-02 -0.132382334013E-02
 -0.488353553323E-01  0.233721742139     -0.418109476805E-01 -0.296662646134E-01  0.194728717068E-01 -0.249238948221E-02
 -0.970798923359E-01 -0.418109476805E-01  0.932434979777E-01 -0.643207611346E-02 -0.138726933594E-01  0.239980220312E-02
  0.975627436862E-02 -0.296662646134E-01 -0.643207611346E-02  0.121473758660E-01 -0.478183553481E-02 -0.106476643779E-02
  0.466346482964E-02  0.194728717068E-01 -0.138726933594E-01 -0.478183553481E-02  0.922923260116E-02 -0.160534819400E-02
 -0.132382334013E-02 -0.249238948221E-02  0.239980220312E-02 -0.106476643779E-02 -0.160534819400E-02  0.125980685847E-02
