  0.779924171828     -0.813495814055E-01 -0.375947319772E-01  0.109671422357E-01  0.557851615399E-02 -0.582503671423E-02
 -0.813495814055E-01  0.143837620104      0.110286764086E-02 -0.891884509060E-02 -0.140378328082E-02  0.186038101672E-02
 -0.375947319772E-01  0.110286764086E-02  0.717959338606E-01 -0.522536084077E-02 -0.260276978252E-02  0.123110510713E-02
  0.109671422357E-01 -0.891884509060E-02 -0.522536084077E-02  0.416501520837E-02 -0.141906084485E-03 -0.942370347104E-04
  0.557851615399E-02 -0.140378328082E-02 -0.260276978252E-02 -0.141906084485E-03  0.203214896894E-03 -0.967168339050E-04
 -0.582503671423E-02  0.186038101672E-02  0.123110510713E-02 -0.942370347104E-04 -0.967168339050E-04  0.740441015855E-04
