  0.866979109500      0.961419837562E-02  0.511169045418E-02  0.272488017188E-02 -0.103162360987E-01 -0.281309104107E-02
  0.961419837562E-02  0.759159493879E-01 -0.128118045171E-01  0.849001850073E-02 -0.390838341197E-02 -0.161931241219E-03
  0.511169045418E-02 -0.128118045171E-01  0.510399360928E-01 -0.414236096545E-02 -0.361245555392E-02 -0.295763712528E-03
  0.272488017188E-02  0.849001850073E-02 -0.414236096545E-02  0.459483334363E-02 -0.814281753692E-03 -0.432507820196E-03
 -0.103162360987E-01 -0.390838341197E-02 -0.361245555392E-02 -0.814281753692E-03  0.133187406040E-02 -0.609299107483E-04
 -0.281309104107E-02 -0.161931241219E-03 -0.295763712528E-03 -0.432507820196E-03 -0.609299107483E-04  0.138297615150E-03
