 -0.240266881668E-17 -0.126228223083E-02  0.322110558534E-01 -0.132649860368E-01  0.249357486092E-02  0.190089601081E-02
  0.126228223083E-02  0.158505425650E-16  0.389283413055E-01 -0.355299728718E-01 -0.109486376785E-01 -0.165822036086E-04
 -0.322110558534E-01 -0.389283413055E-01  0.263266500474E-16 -0.145024373106E-01  0.932147742949E-02 -0.136355872495E-02
  0.132649860368E-01  0.355299728718E-01  0.145024373106E-01 -0.206760848415E-17 -0.532121410771E-02  0.167489324487E-02
 -0.249357486092E-02  0.109486376785E-01 -0.932147742949E-02  0.532121410771E-02  0.289599885402E-18 -0.308390533023E-03
 -0.190089601081E-02  0.165822036086E-04  0.136355872495E-02 -0.167489324487E-02  0.308390533023E-03 -0.846990217163E-19
