  0.621944937609     -0.582745555342E-01 -0.120423621468      0.389034894988E-01  0.419071162403E-02 -0.658704621749E-02
 -0.582745555342E-01  0.238653892597     -0.193080437257E-01 -0.349017936175E-01  0.119644048847E-01 -0.993319556353E-03
 -0.120423621468     -0.193080437257E-01  0.101142753797     -0.266277678536E-01 -0.660451077749E-02  0.345770864875E-02
  0.389034894988E-01 -0.349017936175E-01 -0.266277678536E-01  0.304760749377E-01 -0.965068461920E-02  0.135257279235E-02
  0.419071162403E-02  0.119644048847E-01 -0.660451077749E-02 -0.965068461920E-02  0.716931716064E-02 -0.176073619576E-02
 -0.658704621749E-02 -0.993319556353E-03  0.345770864875E-02  0.135257279235E-02 -0.176073619576E-02  0.613023898169E-03
