  0.659703941664     -0.735212545143E-01 -0.836676830586E-01  0.185442732140E-01 -0.360742602166E-03  0.330760699272E-02
 -0.735212545143E-01  0.240532176973     -0.220269464504E-01 -0.241789666947E-01  0.131872463253E-01 -0.587100948869E-03
 -0.836676830586E-01 -0.220269464504E-01  0.777239845874E-01 -0.134447741553E-01 -0.147535235860E-01  0.450422850869E-02
  0.185442732140E-01 -0.241789666947E-01 -0.134447741553E-01  0.148658880526E-01 -0.314689085387E-02 -0.959580467261E-03
 -0.360742602166E-03  0.131872463253E-01 -0.147535235860E-01 -0.314689085387E-02  0.651050714289E-02 -0.134973817167E-02
  0.330760699272E-02 -0.587100948869E-03  0.450422850869E-02 -0.959580467261E-03 -0.134973817167E-02  0.663501579859E-03
