  0.618105025001     -0.349955379883E-01 -0.107412432748      0.446686723148E-01  0.340661113086E-02 -0.616661449131E-02
 -0.349955379883E-01  0.220672327066     -0.521662468566E-01 -0.282879111379E-01  0.118835830790E-01  0.414216588503E-02
 -0.107412432748     -0.521662468566E-01  0.100791772437     -0.222772467104E-01 -0.303750416553E-02 -0.480341158359E-03
  0.446686723148E-01 -0.282879111379E-01 -0.222772467104E-01  0.473518327919E-01 -0.209806592418E-01  0.239335261461E-02
  0.340661113086E-02  0.118835830790E-01 -0.303750416553E-02 -0.209806592418E-01  0.124925938194E-01 -0.191691461040E-02
 -0.616661449131E-02  0.414216588503E-02 -0.480341158359E-03  0.239335261461E-02 -0.191691461040E-02  0.586448885034E-03
