  0.236281161897E-16  0.237450272342E-01  0.741719002022E-02 -0.103261106674E-02 -0.897854248060E-02 -0.612546663507E-02
 -0.237450272342E-01 -0.172707969432E-16  0.167412777925E-01  0.100657228145E-02 -0.123391442489E-01  0.568821734396E-02
 -0.741719002022E-02 -0.167412777925E-01  0.199588826347E-16 -0.352274986761E-02  0.217699015475E-02  0.542280499529E-02
  0.103261106674E-02 -0.100657228145E-02  0.352274986761E-02  0.105638968296E-16 -0.156981128278E-02  0.383459252437E-03
  0.897854248060E-02  0.123391442489E-01 -0.217699015475E-02  0.156981128278E-02  0.380374025581E-17 -0.223536891760E-02
  0.612546663507E-02 -0.568821734396E-02 -0.542280499529E-02 -0.383459252437E-03  0.223536891760E-02  0.259454549849E-17
