 -0.243513504072E-17 -0.921531167869E-02  0.328371563806E-01 -0.274643278418E-01  0.128399312653E-01  0.296271882527E-02
  0.921531167869E-02 -0.216161897633E-16  0.232036848368E-01 -0.175474301104E-01  0.419098190138E-02 -0.315410935079E-02
 -0.328371563806E-01 -0.232036848368E-01 -0.205788871064E-16  0.100990148735E-01 -0.508409878997E-02 -0.914247647655E-03
  0.274643278418E-01  0.175474301104E-01 -0.100990148735E-01  0.445110749246E-17 -0.365630524775E-02  0.317079187004E-02
 -0.128399312653E-01 -0.419098190138E-02  0.508409878997E-02  0.365630524775E-02  0.733534530708E-17 -0.301371204450E-02
 -0.296271882527E-02  0.315410935079E-02  0.914247647655E-03 -0.317079187004E-02  0.301371204450E-02  0.118825108929E-18
