  0.841256147099     -0.887571964049E-02 -0.571779601890E-01  0.158684021896E-01 -0.175843624347E-01  0.422389921415E-02
 -0.887571964049E-02  0.677856605992E-01 -0.823312493623E-02  0.170567882301E-01 -0.531267341611E-02  0.160753332487E-02
 -0.571779601890E-01 -0.823312493623E-02  0.732189857465E-01 -0.186364969433E-01 -0.922732590672E-02  0.242447017982E-02
  0.158684021896E-01  0.170567882301E-01 -0.186364969433E-01  0.147168775411E-01  0.268181192491E-03 -0.340261065226E-04
 -0.175843624347E-01 -0.531267341611E-02 -0.922732590672E-02  0.268181192491E-03  0.275871905473E-02 -0.788523164453E-03
  0.422389921415E-02  0.160753332487E-02  0.242447017982E-02 -0.340261065226E-04 -0.788523164453E-03  0.263609959204E-03
