  0.537160334791     -0.309581014113      0.110682540059E-01  0.176769115916E-02  0.218110205044E-02  0.291341285123E-02
 -0.309581014113      0.383985735957     -0.400990077701E-01  0.466761511996E-02 -0.224138960043E-02  0.591884416880E-03
  0.110682540059E-01 -0.400990077701E-01  0.613767393019E-01 -0.259653249204E-01  0.411364573022E-02  0.197531249712E-03
  0.176769115916E-02  0.466761511996E-02 -0.259653249204E-01  0.163541358718E-01 -0.352125437302E-02  0.202365023398E-03
  0.218110205044E-02 -0.224138960043E-02  0.411364573022E-02 -0.352125437302E-02  0.101774780898E-02 -0.144444895824E-03
  0.291341285123E-02  0.591884416880E-03  0.197531249712E-03  0.202365023398E-03 -0.144444895824E-03  0.105306269243E-03
