  0.875348076243     -0.220348368791E-01 -0.181119902357E-01  0.490285237566E-02 -0.544533538198E-02  0.238833929428E-02
 -0.220348368791E-01  0.926664710938E-01 -0.193763558858E-02  0.821872785026E-03 -0.826994140777E-03  0.893754132500E-02
 -0.181119902357E-01 -0.193763558858E-02  0.203784431488E-01 -0.230679555193E-02  0.613738405974E-02 -0.362490520145E-03
  0.490285237566E-02  0.821872785026E-03 -0.230679555193E-02  0.544714477270E-02 -0.142625168306E-02 -0.277875676471E-02
 -0.544533538198E-02 -0.826994140777E-03  0.613738405974E-02 -0.142625168306E-02  0.356758234372E-02  0.394199293278E-04
  0.238833929428E-02  0.893754132500E-02 -0.362490520145E-03 -0.277875676471E-02  0.394199293278E-04  0.259228239816E-02
