 -0.132279198737E-16  0.129886445507E-01 -0.142253120665E-01 -0.371664288062E-02  0.779671822660E-03  0.265221790322E-01
 -0.129886445507E-01 -0.443417581025E-17  0.165308868162E-01 -0.307432646548E-02 -0.944522728029E-02  0.234695166795E-02
  0.142253120665E-01 -0.165308868162E-01 -0.754033710414E-17 -0.484715911944E-02  0.302652433163E-02 -0.104188228384E-01
  0.371664288062E-02  0.307432646548E-02  0.484715911944E-02  0.139267439918E-17 -0.950089313412E-03  0.367108894761E-02
 -0.779671822660E-03  0.944522728029E-02 -0.302652433163E-02  0.950089313412E-03  0.713745629581E-18  0.247405928053E-03
 -0.265221790322E-01 -0.234695166795E-02  0.104188228384E-01 -0.367108894761E-02 -0.247405928053E-03 -0.162520128547E-17
