 -0.536459400144E-18  0.142051461453E-01  0.115361383892E-02  0.292036076078E-01 -0.204665214782E-02 -0.887670699352E-03
 -0.142051461453E-01 -0.102514609310E-17  0.335079489901E-01 -0.217097076534E-01 -0.264827816385E-01  0.961286917318E-02
 -0.115361383892E-02 -0.335079489901E-01  0.717602265169E-17 -0.535808104316E-02  0.570851296603E-02  0.544791481807E-03
 -0.292036076078E-01  0.217097076534E-01  0.535808104316E-02 -0.131729024836E-16 -0.298868954934E-02  0.609073942079E-03
  0.204665214782E-02  0.264827816385E-01 -0.570851296603E-02  0.298868954934E-02  0.170857682183E-17 -0.203259772148E-02
  0.887670699352E-03 -0.961286917318E-02 -0.544791481807E-03 -0.609073942079E-03  0.203259772148E-02  0.665814542956E-18
