  0.577307207755     -0.705187361494E-01 -0.103831678118      0.444528102323E-01 -0.135033503615E-02 -0.195402046924E-02
 -0.705187361494E-01  0.334655952031     -0.419595380118E-01 -0.397152196548E-01  0.978817655420E-02 -0.101137865841E-03
 -0.103831678118     -0.419595380118E-01  0.618997523554E-01 -0.105983463978E-01 -0.802216800198E-02  0.275525577976E-02
  0.444528102323E-01 -0.397152196548E-01 -0.105983463978E-01  0.152197776271E-01 -0.271550585122E-02 -0.971984075801E-03
 -0.135033503615E-02  0.978817655420E-02 -0.802216800198E-02 -0.271550585122E-02  0.825662918770E-02 -0.341087477412E-02
 -0.195402046924E-02 -0.101137865841E-03  0.275525577976E-02 -0.971984075801E-03 -0.341087477412E-02  0.266068104362E-02
