  0.610359322447E-17  0.115251252782E-03 -0.324616689217E-02 -0.113605317166E-01  0.101054348001E-02 -0.562518346659E-02
 -0.115251252782E-03  0.505873622517E-16  0.403518534777E-01 -0.494630701772E-02 -0.232852564326E-01  0.135242680161E-01
  0.324616689217E-02 -0.403518534777E-01  0.330048162445E-16 -0.210432735873E-01  0.188022726645E-02 -0.104080902146E-02
  0.113605317166E-01  0.494630701772E-02  0.210432735873E-01  0.298023973895E-16 -0.128399869453E-01  0.323082802227E-02
 -0.101054348001E-02  0.232852564326E-01 -0.188022726645E-02  0.128399869453E-01  0.116517386588E-16 -0.665923319193E-03
  0.562518346659E-02 -0.135242680161E-01  0.104080902146E-02 -0.323082802227E-02  0.665923319193E-03  0.168380288553E-16
