 -0.468406805102E-17  0.279302302634E-02 -0.976861343059E-02 -0.264966748931E-01 -0.294007845628E-02  0.100037514573E-01
 -0.279302302634E-02  0.278047052936E-16  0.378149051736E-01 -0.102021727968E-01  0.131641020428E-01 -0.624399474030E-02
  0.976861343059E-02 -0.378149051736E-01  0.468890197058E-16 -0.819684579730E-02  0.250667651071E-02 -0.361263469336E-02
  0.264966748931E-01  0.102021727968E-01  0.819684579730E-02  0.620191879202E-17 -0.451768194622E-02  0.243773942695E-02
  0.294007845628E-02 -0.131641020428E-01 -0.250667651071E-02  0.451768194622E-02 -0.398314971522E-17 -0.123054282490E-03
 -0.100037514573E-01  0.624399474030E-02  0.361263469336E-02 -0.243773942695E-02  0.123054282490E-03 -0.118793573121E-17
