  0.663790741161E-17 -0.152822723828E-01  0.363658978378E-02 -0.250522015715E-01  0.625955502732E-02  0.319737005998E-02
  0.152822723828E-01 -0.109001910936E-16 -0.155442829043E-01 -0.636890607103E-02 -0.119726095708E-01 -0.217514680378E-02
 -0.363658978378E-02  0.155442829043E-01  0.200091241942E-17 -0.135971264473E-01  0.445076372006E-02  0.909903005307E-02
  0.250522015715E-01  0.636890607103E-02  0.135971264473E-01  0.450205294369E-17  0.485435289045E-02  0.970968263950E-04
 -0.625955502732E-02  0.119726095708E-01 -0.445076372006E-02 -0.485435289045E-02 -0.912180661793E-18  0.411501898337E-02
 -0.319737005998E-02  0.217514680378E-02 -0.909903005307E-02 -0.970968263950E-04 -0.411501898337E-02 -0.269884097012E-18
