  0.324113991314E-17  0.133500172688E-01  0.187039161223E-01 -0.213629958549E-01  0.312775721565E-02  0.851488128751E-03
 -0.133500172688E-01 -0.717889807823E-17  0.430735524401E-01 -0.347991470131E-01 -0.954013434317E-02  0.253119437479E-02
 -0.187039161223E-01 -0.430735524401E-01  0.296793651767E-17 -0.415459058252E-02  0.960261438586E-02 -0.658090675232E-03
  0.213629958549E-01  0.347991470131E-01  0.415459058252E-02 -0.706497931923E-17 -0.139705986498E-01  0.617329856251E-02
 -0.312775721565E-02  0.954013434317E-02 -0.960261438586E-02  0.139705986498E-01  0.196787095193E-17 -0.108158405388E-01
 -0.851488128751E-03 -0.253119437479E-02  0.658090675232E-03 -0.617329856251E-02  0.108158405388E-01  0.275156648536E-17
