  0.685048724692     -0.394693799925E-01 -0.853170778360E-01  0.192308852877E-01  0.114482322223E-01 -0.733750778523E-02
 -0.394693799925E-01  0.205974178938     -0.208147327307E-01 -0.246400082266E-01  0.752477215896E-02 -0.488332671704E-02
 -0.853170778360E-01 -0.208147327307E-01  0.949536739675E-01 -0.151209048853E-01 -0.112898081083E-01  0.499056747508E-02
  0.192308852877E-01 -0.246400082266E-01 -0.151209048853E-01  0.106638052787E-01  0.430582722983E-03 -0.114424386135E-02
  0.114482322223E-01  0.752477215896E-02 -0.112898081083E-01  0.430582722983E-03  0.268830646782E-02 -0.894291941011E-03
 -0.733750778523E-02 -0.488332671704E-02  0.499056747508E-02 -0.114424386135E-02 -0.894291941011E-03  0.671310655875E-03
