 -0.256156356641E-17  0.278692066632E-02 -0.197797113369E-02 -0.179506789725E-01  0.643977885526E-02  0.867733081566E-02
 -0.278692066632E-02  0.288077379545E-16  0.359999324053E-01 -0.144788508622E-01  0.127772336983E-01 -0.747820513659E-02
  0.197797113369E-02 -0.359999324053E-01  0.405909303600E-17 -0.883060969615E-02 -0.655222020323E-03 -0.285115714894E-02
  0.179506789725E-01  0.144788508622E-01  0.883060969615E-02  0.717237798594E-17 -0.320510057458E-02  0.207288900367E-02
 -0.643977885526E-02 -0.127772336983E-01  0.655222020323E-03  0.320510057458E-02  0.162166678089E-16 -0.834339160075E-04
 -0.867733081566E-02  0.747820513659E-02  0.285115714894E-02 -0.207288900367E-02  0.834339160075E-04  0.196550742884E-17
