  0.126852269884E-16 -0.216977565777E-01 -0.608033659555E-02  0.176524296133E-02 -0.224592585486E-02  0.308454755820E-02
  0.216977565777E-01 -0.675320683690E-16  0.149865006897E-01 -0.182719938192E-02 -0.120548057131E-02  0.764419503782E-04
  0.608033659555E-02 -0.149865006897E-01  0.112149197853E-17 -0.105706255463E-01  0.181185845619E-02 -0.174454776723E-02
 -0.176524296133E-02  0.182719938192E-02  0.105706255463E-01  0.638794146231E-18 -0.420336188715E-03  0.453954900948E-03
  0.224592585486E-02  0.120548057131E-02 -0.181185845619E-02  0.420336188715E-03 -0.109567604969E-18 -0.679813410792E-04
 -0.308454755820E-02 -0.764419503782E-04  0.174454776723E-02 -0.453954900948E-03  0.679813410792E-04  0.495680843028E-19
