 -0.113190895908E-16  0.195462559356E-01 -0.433248252844E-02 -0.742479897325E-02  0.687488073058E-02 -0.924033166998E-02
 -0.195462559356E-01 -0.230732411052E-16  0.119162327922E-01 -0.356236028316E-02 -0.100141099829E-01  0.554836952935E-02
  0.433248252844E-02 -0.119162327922E-01 -0.470714562718E-17  0.230334406959E-02 -0.182247951835E-02 -0.343158107938E-02
  0.742479897325E-02  0.356236028316E-02 -0.230334406959E-02  0.204441706265E-17 -0.145796821745E-02  0.117339478724E-02
 -0.687488073058E-02  0.100141099829E-01  0.182247951835E-02  0.145796821745E-02  0.179509790867E-18 -0.673052027998E-03
  0.924033166998E-02 -0.554836952935E-02  0.343158107938E-02 -0.117339478724E-02  0.673052027998E-03 -0.199299498714E-17
