  0.772921397177     -0.793695323664E-01 -0.426010615110E-01  0.814003528547E-03  0.785774311057E-02 -0.213474135573E-02
 -0.793695323664E-01  0.152372972247     -0.421987142762E-02  0.242812155834E-02  0.769031581052E-03 -0.259861167232E-02
 -0.426010615110E-01 -0.421987142762E-02  0.718726573438E-01 -0.329906550772E-02 -0.747205793431E-02  0.971824624240E-03
  0.814003528547E-03  0.242812155834E-02 -0.329906550772E-02  0.188754256591E-02  0.602348840637E-03 -0.181786088882E-03
  0.785774311057E-02  0.769031581052E-03 -0.747205793431E-02  0.602348840637E-03  0.860208296143E-03 -0.118954932598E-03
 -0.213474135573E-02 -0.259861167232E-02  0.971824624240E-03 -0.181786088882E-03 -0.118954932598E-03  0.852223705329E-04
