  0.801997805422      0.293994841353E-02 -0.685773832286E-01  0.309614838527E-01  0.295473287343E-02  0.105147261872E-02
  0.293994841353E-02  0.141770554386     -0.377671347899E-01  0.832696581898E-02 -0.139313037737E-01 -0.747267644370E-03
 -0.685773832286E-01 -0.377671347899E-01  0.370193168812E-01 -0.756868701950E-02 -0.648050493239E-02  0.550060341782E-02
  0.309614838527E-01  0.832696581898E-02 -0.756868701950E-02  0.107144118082E-01  0.215503357777E-02 -0.837271672517E-03
  0.295473287343E-02 -0.139313037737E-01 -0.648050493239E-02  0.215503357777E-02  0.700113447561E-02 -0.228369203060E-02
  0.105147261872E-02 -0.747267644370E-03  0.550060341782E-02 -0.837271672517E-03 -0.228369203060E-02  0.149677702718E-02
