  0.710733809301     -0.495147459340E-01  0.159119062973E-01 -0.101594628271E-01  0.160969422738E-02  0.157631519857E-02
 -0.495147459340E-01  0.237054158612     -0.510458483630E-01  0.424792484430E-02  0.343814710897E-02 -0.971307208042E-02
  0.159119062973E-01 -0.510458483630E-01  0.424928407371E-01  0.149592125409E-02 -0.686314834970E-02  0.201546963811E-02
 -0.101594628271E-01  0.424792484430E-02  0.149592125409E-02  0.365898064949E-02  0.902050209099E-03  0.309353292169E-03
  0.160969422738E-02  0.343814710897E-02 -0.686314834970E-02  0.902050209099E-03  0.314238694523E-02  0.275984400033E-03
  0.157631519857E-02 -0.971307208042E-02  0.201546963811E-02  0.309353292169E-03  0.275984400033E-03  0.291782375530E-02
