  0.138759981763E-16 -0.176096211650E-01  0.142164850101E-01  0.309129171040E-01 -0.447357354373E-02 -0.223615137319E-02
  0.176096211650E-01  0.774568640515E-17  0.187551249607E-01 -0.162346298678E-01 -0.393906652967E-02 -0.394770403198E-03
 -0.142164850101E-01 -0.187551249607E-01  0.167204561249E-16 -0.202596323125E-01  0.505072802968E-02 -0.124869259256E-02
 -0.309129171040E-01  0.162346298678E-01  0.202596323125E-01  0.953280822966E-18 -0.169185720460E-02  0.357286717094E-03
  0.447357354373E-02  0.393906652967E-02 -0.505072802968E-02  0.169185720460E-02  0.126167052582E-17  0.650029639086E-05
  0.223615137319E-02  0.394770403198E-03  0.124869259256E-02 -0.357286717094E-03 -0.650029639086E-05  0.756278106679E-20
