  0.859824661134     -0.247345829047E-01 -0.158401495347E-02 -0.603318193867E-03 -0.709037907340E-02  0.527251033012E-02
 -0.247345829047E-01  0.117012603465     -0.107029236847E-01 -0.863713002982E-03  0.198195293340E-02 -0.146396894186E-02
 -0.158401495347E-02 -0.107029236847E-01  0.152737967001E-01  0.133770561214E-03  0.131589145946E-02 -0.227652665349E-03
 -0.603318193867E-03 -0.863713002982E-03  0.133770561214E-03  0.452762124016E-02 -0.696602863488E-03 -0.462257443717E-03
 -0.709037907340E-02  0.198195293340E-02  0.131589145946E-02 -0.696602863488E-03  0.163545979686E-02 -0.101918093266E-03
  0.527251033012E-02 -0.146396894186E-02 -0.227652665349E-03 -0.462257443717E-03 -0.101918093266E-03  0.172585766414E-02
