  0.699998776861     -0.447596089135E-01 -0.773959376425E-01  0.968431752885E-02  0.141976877616E-01 -0.660400567257E-02
 -0.447596089135E-01  0.196287966763     -0.943984263175E-02 -0.215816307764E-01  0.813705516807E-02 -0.299821641410E-02
 -0.773959376425E-01 -0.943984263175E-02  0.926712335838E-01 -0.196263066627E-01 -0.132524213638E-01  0.609679346212E-02
  0.968431752885E-02 -0.215816307764E-01 -0.196263066627E-01  0.773568840728E-02  0.190217656112E-02 -0.108281629388E-02
  0.141976877616E-01  0.813705516807E-02 -0.132524213638E-01  0.190217656112E-02  0.271121493174E-02 -0.107648680120E-02
 -0.660400567257E-02 -0.299821641410E-02  0.609679346212E-02 -0.108281629388E-02 -0.107648680120E-02  0.595119452874E-03
