  0.630254975194     -0.317114866796E-02 -0.121859949945      0.211412146758E-01  0.171128029584E-01 -0.541110910449E-02
 -0.317114866796E-02  0.253960631507     -0.595557465465E-01 -0.255424739339E-02  0.420211417848E-02 -0.169150538851E-02
 -0.121859949945     -0.595557465465E-01  0.982580588575E-01 -0.290780679897E-01 -0.176127720001E-02 -0.179822307260E-03
  0.211412146758E-01 -0.255424739339E-02 -0.290780679897E-01  0.142394888649E-01 -0.158068360089E-02  0.504248203580E-03
  0.171128029584E-01  0.420211417848E-02 -0.176127720001E-02 -0.158068360089E-02  0.259127731985E-02 -0.505615258884E-03
 -0.541110910449E-02 -0.169150538851E-02 -0.179822307260E-03  0.504248203580E-03 -0.505615258884E-03  0.695568257421E-03
