  0.684464440184     -0.378287531419E-01 -0.868335911417E-01  0.179294684528E-01  0.199094714627E-01 -0.925172921309E-02
 -0.378287531419E-01  0.232604378329     -0.109964411205E-01 -0.228517843584E-01  0.437159730998E-02 -0.617960260292E-02
 -0.868335911417E-01 -0.109964411205E-01  0.676687657382E-01 -0.201876652496E-01 -0.769826394910E-02  0.626179923102E-02
  0.179294684528E-01 -0.228517843584E-01 -0.201876652496E-01  0.118927445332E-01  0.137291275173E-02 -0.169714789675E-02
  0.199094714627E-01  0.437159730998E-02 -0.769826394910E-02  0.137291275173E-02  0.229574705359E-02 -0.945420827259E-03
 -0.925172921309E-02 -0.617960260292E-02  0.626179923102E-02 -0.169714789675E-02 -0.945420827259E-03  0.107392416143E-02
