  0.746310547332      0.251503629750E-02 -0.781388729375E-01  0.268872484605E-01  0.772911116425E-02 -0.275090329477E-02
  0.251503629750E-02  0.205236404124     -0.429994704208E-01  0.535320034601E-02 -0.428565988510E-02 -0.438709999949E-02
 -0.781388729375E-01 -0.429994704208E-01  0.347351835774E-01 -0.984100199010E-02 -0.380339213942E-02  0.625228171263E-02
  0.268872484605E-01  0.535320034601E-02 -0.984100199010E-02  0.751276131642E-02  0.757267408806E-03 -0.203285952342E-02
  0.772911116425E-02 -0.428565988510E-02 -0.380339213942E-02  0.757267408806E-03  0.171152718547E-02 -0.103821167959E-02
 -0.275090329477E-02 -0.438709999949E-02  0.625228171263E-02 -0.203285952342E-02 -0.103821167959E-02  0.449357646440E-02
