  0.993246686585     -0.172145519454E-01  0.144248274400E-01 -0.280230199230E-02 -0.710477995973E-02  0.265579405704E-02
 -0.172145519454E-01  0.630403209224E-02 -0.623009300077E-03 -0.103259632456E-03  0.196632539918E-03 -0.154622103402E-03
  0.144248274400E-01 -0.623009300077E-03  0.332447807314E-03 -0.454535283947E-04 -0.126837234320E-03  0.488259203591E-04
 -0.280230199230E-02 -0.103259632456E-03 -0.454535283947E-04  0.393304933162E-04  0.301153098368E-04 -0.206291000592E-04
 -0.710477995973E-02  0.196632539918E-03 -0.126837234320E-03  0.301153098368E-04  0.589972352394E-04 -0.266115609452E-04
  0.265579405704E-02 -0.154622103402E-03  0.488259203591E-04 -0.206291000592E-04 -0.266115609452E-04  0.185057865835E-04
