  0.810695629528     -0.111221842806     -0.758308838938E-02  0.363440866527E-01  0.270049536147E-02 -0.128119639169E-02
 -0.111221842806      0.108734591637      0.672458222743E-02 -0.159408230666E-01 -0.141972221072E-02  0.257351462649E-02
 -0.758308838938E-02  0.672458222743E-02  0.742898767367E-01 -0.145546799844E-02  0.105882328205E-02  0.777146312882E-03
  0.363440866527E-01 -0.159408230666E-01 -0.145546799844E-02  0.531999033112E-02  0.132779540768E-03 -0.320993807264E-03
  0.270049536147E-02 -0.141972221072E-02  0.105882328205E-02  0.132779540768E-03  0.887776528451E-03 -0.350229705053E-04
 -0.128119639169E-02  0.257351462649E-02  0.777146312882E-03 -0.320993807264E-03 -0.350229705053E-04  0.721352383554E-04
