  0.608386493638     -0.310145390213      0.737018126563E-02  0.171112748890E-01  0.218302717741E-02  0.477052851462E-02
 -0.310145390213      0.313334399671     -0.613596088048E-01  0.158539267632E-02 -0.332632877592E-02  0.107129625376E-03
  0.737018126563E-02 -0.613596088048E-01  0.608353683435E-01 -0.224569438071E-01  0.406391165391E-02  0.786208270457E-03
  0.171112748890E-01  0.158539267632E-02 -0.224569438071E-01  0.167080280581E-01 -0.240447484186E-02 -0.977035713890E-04
  0.218302717741E-02 -0.332632877592E-02  0.406391165391E-02 -0.240447484186E-02  0.537322074041E-03  0.121596471259E-04
  0.477052851462E-02  0.107129625376E-03  0.786208270457E-03 -0.977035713890E-04  0.121596471259E-04  0.198388215531E-03
