  0.409860029402E-17  0.130997507718E-01 -0.213308266353E-01  0.462654927234E-02 -0.120661729092E-01  0.251089268260E-02
 -0.130997507718E-01  0.144734152238E-16  0.294053206719E-01 -0.510659987902E-02 -0.187298428011E-01  0.754968435894E-02
  0.213308266353E-01 -0.294053206719E-01  0.293216569748E-16 -0.978737611484E-02  0.812811108510E-02 -0.218079121191E-02
 -0.462654927234E-02  0.510659987902E-02  0.978737611484E-02  0.707485070238E-17 -0.494187175256E-02  0.924090405165E-03
  0.120661729092E-01  0.187298428011E-01 -0.812811108510E-02  0.494187175256E-02  0.136300555374E-17 -0.321718706411E-03
 -0.251089268260E-02 -0.754968435894E-02  0.218079121191E-02 -0.924090405165E-03  0.321718706411E-03  0.457219148154E-19
