  0.225530792424E-16 -0.107211008605E-01 -0.392396239923E-02  0.171081672439E-01 -0.133419757669E-01  0.231525332782E-02
  0.107211008605E-01  0.138262273745E-16  0.538692941436E-01 -0.153547845150E-01 -0.214480027006E-01  0.144662884521E-01
  0.392396239923E-02 -0.538692941436E-01  0.343830330293E-17 -0.102080835324E-01  0.892974559914E-02 -0.382427408283E-02
 -0.171081672439E-01  0.153547845150E-01  0.102080835324E-01  0.149347151189E-16 -0.465243048969E-02  0.293558671641E-02
  0.133419757669E-01  0.214480027006E-01 -0.892974559914E-02  0.465243048969E-02  0.859575825734E-18 -0.250732671811E-02
 -0.231525332782E-02 -0.144662884521E-01  0.382427408283E-02 -0.293558671641E-02  0.250732671811E-02  0.538479450677E-18
