 -0.288621111114E-17 -0.752698893079E-02  0.704840540573E-02  0.726830018713E-02 -0.382961690077E-02 -0.451541425227E-02
  0.752698893079E-02 -0.753036240000E-17  0.861721075741E-02 -0.472297581229E-02 -0.318127897906E-02  0.163204835296E-02
 -0.704840540573E-02 -0.861721075741E-02  0.433367650223E-17 -0.251340598772E-02 -0.617224587031E-03 -0.883459049177E-03
 -0.726830018713E-02  0.472297581229E-02  0.251340598772E-02 -0.121377820746E-17 -0.356723041324E-03  0.209934901542E-03
  0.382961690077E-02  0.318127897906E-02  0.617224587031E-03  0.356723041324E-03  0.480126886125E-19  0.608411463837E-05
  0.451541425227E-02 -0.163204835296E-02  0.883459049177E-03 -0.209934901542E-03 -0.608411463837E-05 -0.578495674939E-19
