 -0.321171128892E-17  0.174427334420E-01 -0.100510190913E-01  0.147300886063E-02 -0.634904381565E-03 -0.237383765214E-02
 -0.174427334420E-01  0.370699159341E-17  0.214217501416E-01 -0.960288665164E-02 -0.345303387637E-02  0.152587262479E-02
  0.100510190913E-01 -0.214217501416E-01  0.861576972234E-16 -0.250332316782E-02  0.167321113594E-02 -0.942666482944E-03
 -0.147300886063E-02  0.960288665164E-02  0.250332316782E-02  0.582627611143E-17 -0.248436029393E-02  0.245997459759E-02
  0.634904381565E-03  0.345303387637E-02 -0.167321113594E-02  0.248436029393E-02  0.253845791993E-17 -0.385338420027E-03
  0.237383765214E-02 -0.152587262479E-02  0.942666482944E-03 -0.245997459759E-02  0.385338420027E-03  0.802337261938E-16
