  0.992892794327     -0.201989158802E-01  0.124558265767E-01 -0.178631038962E-02 -0.851636378635E-02 -0.218873560688E-02
 -0.201989158802E-01  0.669264582147E-02 -0.499070191324E-03  0.306499461159E-04  0.124085707343E-03 -0.901486224062E-04
  0.124558265767E-01 -0.499070191324E-03  0.258457949668E-03 -0.363378376982E-04 -0.126455111398E-03 -0.236916136146E-04
 -0.178631038962E-02  0.306499461159E-04 -0.363378376982E-04  0.567010961164E-04  0.781408605768E-05 -0.188980089515E-04
 -0.851636378635E-02  0.124085707343E-03 -0.126455111398E-03  0.781408605768E-05  0.811591134914E-04  0.251718762775E-04
 -0.218873560688E-02 -0.901486224062E-04 -0.236916136146E-04 -0.188980089515E-04  0.251718762775E-04  0.182416925389E-04
