  0.543715546567E-16  0.357857649396E-01 -0.201941631419E-01 -0.805803731447E-02  0.206753931369E-01  0.278378112682E-02
 -0.357857649396E-01  0.141864354658E-16 -0.146480766805E-01  0.628228015759E-02 -0.972010157219E-02  0.401451270391E-02
  0.201941631419E-01  0.146480766805E-01  0.260360304901E-17 -0.260790818792E-02  0.408514386960E-02 -0.198141615444E-02
  0.805803731447E-02 -0.628228015759E-02  0.260790818792E-02  0.332586280876E-17 -0.202594671994E-02  0.155733951158E-04
 -0.206753931369E-01  0.972010157219E-02 -0.408514386960E-02  0.202594671994E-02 -0.220612676386E-17 -0.157152106852E-02
 -0.278378112682E-02 -0.401451270391E-02  0.198141615444E-02 -0.155733951158E-04  0.157152106852E-02  0.661571266552E-18
