 -0.379282033745E-16  0.262100678607E-01 -0.761819715892E-03  0.315637745232E-02 -0.844291609608E-02  0.915050201673E-02
 -0.262100678607E-01 -0.653954693006E-16  0.120303986518E-01 -0.142771316813E-01 -0.118962596329E-01  0.112115963197E-01
  0.761819715892E-03 -0.120303986518E-01 -0.608211335245E-16 -0.530150714046E-02  0.432350043303E-02 -0.323850812669E-02
 -0.315637745232E-02  0.142771316813E-01  0.530150714046E-02  0.745919562093E-17 -0.304465881630E-02  0.345016891506E-02
  0.844291609608E-02  0.118962596329E-01 -0.432350043303E-02  0.304465881630E-02 -0.494092017626E-18  0.340962125985E-03
 -0.915050201673E-02 -0.112115963197E-01  0.323850812669E-02 -0.345016891506E-02 -0.340962125985E-03 -0.261775795037E-16
