  0.100806874518E-16  0.282305611896E-01  0.118651341324E-01  0.169445347073E-02 -0.285364681845E-02  0.731418352723E-02
 -0.282305611896E-01  0.749005917118E-17  0.201547217979E-01 -0.153790990470E-01 -0.434668469185E-02  0.104980611688E-02
 -0.118651341324E-01 -0.201547217979E-01  0.175338924968E-16 -0.106274897091E-01  0.398631065777E-02  0.333669241277E-03
 -0.169445347073E-02  0.153790990470E-01  0.106274897091E-01  0.909212971460E-17 -0.261462296055E-02 -0.872973554790E-03
  0.285364681845E-02  0.434668469185E-02 -0.398631065777E-02  0.261462296055E-02 -0.500348959974E-17 -0.389951945296E-04
 -0.731418352723E-02 -0.104980611688E-02 -0.333669241277E-03  0.872973554790E-03  0.389951945296E-04  0.321999378081E-18
