  0.680287806969     -0.121102098594      0.794256577626E-02 -0.490147852008E-02  0.865751261845E-02 -0.965043194330E-02
 -0.121102098594      0.282452427425     -0.489234491579E-01  0.501977412714E-02  0.457327105402E-02  0.414753164859E-02
  0.794256577626E-02 -0.489234491579E-01  0.237786898953E-01 -0.361211645274E-02 -0.551435894074E-02  0.273325371653E-02
 -0.490147852008E-02  0.501977412714E-02 -0.361211645274E-02  0.520761949526E-02  0.327869989085E-03  0.749188921682E-03
  0.865751261845E-02  0.457327105402E-02 -0.551435894074E-02  0.327869989085E-03  0.204346945565E-02 -0.138533871383E-02
 -0.965043194330E-02  0.414753164859E-02  0.273325371653E-02  0.749188921682E-03 -0.138533871383E-02  0.622998675983E-02
