  0.642338331688     -0.454084181270E-01 -0.917372580579E-01  0.183524403910E-01  0.239197700852E-01 -0.118467199953E-01
 -0.454084181270E-01  0.244833682582     -0.226419466870E-01 -0.331844872813E-01  0.603631459724E-02  0.252508226980E-03
 -0.917372580579E-01 -0.226419466870E-01  0.922495439050E-01 -0.112785889144E-01 -0.164798998099E-01  0.701774165594E-02
  0.183524403910E-01 -0.331844872813E-01 -0.112785889144E-01  0.127715541200E-01 -0.315388239042E-03 -0.254546048372E-02
  0.239197700852E-01  0.603631459724E-02 -0.164798998099E-01 -0.315388239042E-03  0.606958944504E-02 -0.175168111910E-02
 -0.118467199953E-01  0.252508226980E-03  0.701774165594E-02 -0.254546048372E-02 -0.175168111910E-02  0.173729825961E-02
