  0.714391280948     -0.627904862281E-02 -0.676158725046E-01  0.168788997480E-01  0.117686681695E-01  0.298112751872E-02
 -0.627904862281E-02  0.219752335079     -0.561018562657E-01  0.595674595624E-02 -0.688152502858E-02 -0.115634448110E-01
 -0.676158725046E-01 -0.561018562657E-01  0.484129954546E-01 -0.679851321166E-02 -0.748973754345E-02  0.617499453067E-02
  0.168788997480E-01  0.595674595624E-02 -0.679851321166E-02  0.962384963785E-02  0.341403680882E-03  0.142260229716E-02
  0.117686681695E-01 -0.688152502858E-02 -0.748973754345E-02  0.341403680882E-03  0.313018084382E-02 -0.142128192091E-02
  0.298112751872E-02 -0.115634448110E-01  0.617499453067E-02  0.142260229716E-02 -0.142128192091E-02  0.468935803666E-02
