  0.877059318048     -0.210684978799E-01 -0.231706547937E-01  0.936930833316E-02  0.225940060377E-04  0.287285729855E-02
 -0.210684978799E-01  0.792226986153E-01  0.130528056457E-02  0.100504531709E-01 -0.335184722387E-02  0.146541647477E-03
 -0.231706547937E-01  0.130528056457E-02  0.290822917065E-01 -0.385163372531E-02 -0.193590150820E-02  0.213714796212E-03
  0.936930833316E-02  0.100504531709E-01 -0.385163372531E-02  0.137149613203E-01 -0.140618830248E-02 -0.474100760297E-03
  0.225940060377E-04 -0.335184722387E-02 -0.193590150820E-02 -0.140618830248E-02  0.803495280515E-03 -0.768533508251E-04
  0.287285729855E-02  0.146541647477E-03  0.213714796212E-03 -0.474100760297E-03 -0.768533508251E-04  0.117235029632E-03
