  0.955635381980E-18  0.237599395703E-01 -0.924365194120E-02  0.131056893356E-01 -0.886612047571E-02 -0.297778485505E-02
 -0.237599395703E-01  0.152582584195E-16  0.335089178259E-01 -0.166729389777E-01 -0.172248737914E-01  0.878649765980E-02
  0.924365194120E-02 -0.335089178259E-01 -0.975418151156E-17 -0.136396671808E-01  0.102954481750E-01 -0.101202108345E-02
 -0.131056893356E-01  0.166729389777E-01  0.136396671808E-01 -0.124822891963E-16 -0.419878572646E-02  0.645799226546E-03
  0.886612047571E-02  0.172248737914E-01 -0.102954481750E-01  0.419878572646E-02 -0.308228306842E-17 -0.636417223004E-03
  0.297778485505E-02 -0.878649765980E-02  0.101202108345E-02 -0.645799226546E-03  0.636417223004E-03 -0.987144228047E-18
