  0.906585598236     -0.122228663019E-01 -0.128708601706E-01  0.187126455401E-02 -0.794160261955E-02  0.313210456819E-02
 -0.122228663019E-01  0.292258901431E-01 -0.106075123525E-01  0.488852649704E-02  0.629673319386E-03 -0.440907245560E-03
 -0.128708601706E-01 -0.106075123525E-01  0.618077410223E-01 -0.697874045919E-02 -0.404560324524E-02 -0.117604329853E-02
  0.187126455401E-02  0.488852649704E-02 -0.697874045919E-02  0.190485123923E-02  0.430918548319E-03  0.380577313933E-04
 -0.794160261955E-02  0.629673319386E-03 -0.404560324524E-02  0.430918548319E-03  0.412542182429E-03  0.708280835384E-04
  0.313210456819E-02 -0.440907245560E-03 -0.117604329853E-02  0.380577313933E-04  0.708280835384E-04  0.633771774606E-04
