  0.881134449668     -0.134507747784E-01 -0.201647704699E-01  0.333165772038E-02 -0.254782710667E-02 -0.228428733484E-02
 -0.134507747784E-01  0.900334808015E-01 -0.951345399031E-02 -0.702088793135E-02 -0.565597928528E-03  0.603897904911E-02
 -0.201647704699E-01 -0.951345399031E-02  0.211584873700E-01 -0.170195246143E-02  0.420441370179E-02 -0.333890852582E-05
  0.333165772038E-02 -0.702088793135E-02 -0.170195246143E-02  0.392799661044E-02 -0.145814381053E-03 -0.259017979625E-02
 -0.254782710667E-02 -0.565597928528E-03  0.420441370179E-02 -0.145814381053E-03  0.151527229124E-02 -0.215552081900E-03
 -0.228428733484E-02  0.603897904911E-02 -0.333890852582E-05 -0.259017979625E-02 -0.215552081900E-03  0.223031325931E-02
