  0.830387641025      0.695298486823E-02 -0.908187179926E-01  0.151282097045E-01 -0.129476394011E-02 -0.628928033623E-02
  0.695298486823E-02  0.696846729738E-01 -0.193029342085E-01  0.336295869125E-02 -0.229532167308E-02 -0.846216613097E-03
 -0.908187179926E-01 -0.193029342085E-01  0.980789202486E-01 -0.112012922141E-01 -0.234734593831E-02  0.120545458426E-02
  0.151282097045E-01  0.336295869125E-02 -0.112012922141E-01  0.141778846458E-02  0.295229817884E-03 -0.241156526462E-03
 -0.129476394011E-02 -0.229532167308E-02 -0.234734593831E-02  0.295229817884E-03  0.332641748773E-03 -0.481252271238E-04
 -0.628928033623E-02 -0.846216613097E-03  0.120545458426E-02 -0.241156526462E-03 -0.481252271238E-04  0.983355389060E-04
