  0.477926006436     -0.289198951196E-01  0.413127498517E-02  0.214304367075E-01 -0.717745374400E-02 -0.119750161486E-01
 -0.289198951196E-01  0.382193680943     -0.969580523509E-01  0.130673477840E-01 -0.418051952661E-02 -0.160861306948E-03
  0.413127498517E-02 -0.969580523509E-01  0.117268976799     -0.373608659619E-01  0.438126184639E-02 -0.166543012868E-02
  0.214304367075E-01  0.130673477840E-01 -0.373608659619E-01  0.188596614316E-01 -0.176710361057E-02 -0.849063830368E-03
 -0.717745374400E-02 -0.418051952661E-02  0.438126184639E-02 -0.176710361057E-02  0.276331221800E-02  0.154721853781E-03
 -0.119750161486E-01 -0.160861306948E-03 -0.166543012868E-02 -0.849063830368E-03  0.154721853781E-03  0.988362173341E-03
