  0.555133490408     -0.236540365518      0.552463324634E-02  0.103105739101E-02 -0.151616350556E-02 -0.695828032982E-02
 -0.236540365518      0.399058705517     -0.680633444423E-01  0.219896967635E-01 -0.724918901834E-02  0.564654447006E-02
  0.552463324634E-02 -0.680633444423E-01  0.282970058953E-01 -0.121000061855E-01 -0.385421477381E-02  0.920924072876E-03
  0.103105739101E-02  0.219896967635E-01 -0.121000061855E-01  0.138992498144E-01 -0.291773706233E-03 -0.538644538734E-03
 -0.151616350556E-02 -0.724918901834E-02 -0.385421477381E-02 -0.291773706233E-03  0.330553066343E-02 -0.739890446871E-03
 -0.695828032982E-02  0.564654447006E-02  0.920924072876E-03 -0.538644538734E-03 -0.739890446871E-03  0.306017701912E-03
