  0.630871704800     -0.484379044110E-01 -0.860571272992E-01  0.237038254822E-01  0.271081262485E-01 -0.132029333243E-01
 -0.484379044110E-01  0.266801461764     -0.166964122713E-01 -0.341568811091E-01  0.567764419972E-02  0.219072823880E-02
 -0.860571272992E-01 -0.166964122713E-01  0.800593260621E-01 -0.139325304793E-01 -0.120445751995E-01  0.727141717993E-02
  0.237038254822E-01 -0.341568811091E-01 -0.139325304793E-01  0.136924978490E-01 -0.549132796741E-03 -0.380388320781E-02
  0.271081262485E-01  0.567764419972E-02 -0.120445751995E-01 -0.549132796741E-03  0.630499080427E-02 -0.170873594336E-02
 -0.132029333243E-01  0.219072823880E-02  0.727141717993E-02 -0.380388320781E-02 -0.170873594336E-02  0.227001872125E-02
