  0.731676798386      0.137274663107E-01 -0.835993957530E-01  0.236085746183E-01  0.554214509357E-02  0.178796478739E-01
  0.137274663107E-01  0.231278422755     -0.485105187694E-01  0.235681105969E-02 -0.128432282600E-02 -0.118269783955E-01
 -0.835993957530E-01 -0.485105187694E-01  0.263969392526E-01 -0.551253942605E-02 -0.216057341161E-02  0.368710602415E-02
  0.236085746183E-01  0.235681105969E-02 -0.551253942605E-02  0.461635353979E-02 -0.180367568840E-03  0.186985362931E-02
  0.554214509357E-02 -0.128432282600E-02 -0.216057341161E-02 -0.180367568840E-03  0.931049347063E-03 -0.161872944309E-02
  0.178796478739E-01 -0.118269783955E-01  0.368710602415E-02  0.186985362931E-02 -0.161872944309E-02  0.510043671926E-02
