  0.588527084103      0.202942821436E-01 -0.103239181901      0.124985638151E-01  0.143210158902E-01 -0.559981724875E-02
  0.202942821436E-01  0.353652302829     -0.555195521454E-01 -0.288582938824E-01  0.153906306564E-01 -0.108547551026E-01
 -0.103239181901     -0.555195521454E-01  0.408471501682E-01 -0.421483242285E-04 -0.132490872466E-01  0.464600004673E-02
  0.124985638151E-01 -0.288582938824E-01 -0.421483242285E-04  0.793971063144E-02 -0.705534496569E-03 -0.845703293418E-03
  0.143210158902E-01  0.153906306564E-01 -0.132490872466E-01 -0.705534496569E-03  0.795752839039E-02 -0.184234482042E-02
 -0.559981724875E-02 -0.108547551026E-01  0.464600004673E-02 -0.845703293418E-03 -0.184234482042E-02  0.107622387852E-02
