  0.183071637531E-16  0.791164782196E-02 -0.370163333025E-02  0.725610705002E-02 -0.190560568128E-02 -0.198450763459E-02
 -0.791164782196E-02 -0.242020611910E-17  0.109643037187E-01 -0.365814482259E-02 -0.146816582934E-01  0.255028439738E-02
  0.370163333025E-02 -0.109643037187E-01 -0.278718554983E-18  0.360017660723E-02 -0.110450910150E-02  0.104741247394E-02
 -0.725610705002E-02  0.365814482259E-02 -0.360017660723E-02 -0.159101841803E-17  0.224832049594E-02 -0.662841334627E-03
  0.190560568128E-02  0.146816582934E-01  0.110450910150E-02 -0.224832049594E-02 -0.272215122033E-17 -0.395668881186E-03
  0.198450763459E-02 -0.255028439738E-02 -0.104741247394E-02  0.662841334627E-03  0.395668881186E-03 -0.159029258846E-18
