  0.126245898639E-16  0.200932088498E-01  0.125059865095E-02 -0.112368553662E-01  0.292081589000E-02 -0.194402759710E-01
 -0.200932088498E-01 -0.802582500788E-17  0.269878698891E-01 -0.100469214650E-01 -0.154478968954E-01  0.903340824022E-02
 -0.125059865095E-02 -0.269878698891E-01 -0.276137220868E-16 -0.103798814778E-01  0.244061312886E-02  0.110336765666E-04
  0.112368553662E-01  0.100469214650E-01  0.103798814778E-01 -0.107167540480E-16 -0.533794938543E-02  0.256601188945E-02
 -0.292081589000E-02  0.154478968954E-01 -0.244061312886E-02  0.533794938543E-02 -0.633988517299E-17  0.136857473188E-03
  0.194402759710E-01 -0.903340824022E-02 -0.110336765666E-04 -0.256601188945E-02 -0.136857473188E-03 -0.133709939378E-16
