  0.698639759124     -0.409740189899E-01 -0.835634618666E-01  0.941365305947E-02  0.179354728993E-01 -0.899974229795E-02
 -0.409740189899E-01  0.189422055215     -0.174597569546E-01 -0.181153009866E-01  0.307322390575E-02  0.132598732342E-02
 -0.835634618666E-01 -0.174597569546E-01  0.969471022411E-01 -0.173548480977E-01 -0.169496650832E-01  0.784084801611E-02
  0.941365305947E-02 -0.181153009866E-01 -0.173548480977E-01  0.956004697627E-02  0.141737938220E-02 -0.170571778535E-02
  0.179354728993E-01  0.307322390575E-02 -0.169496650832E-01  0.141737938220E-02  0.423259274930E-02 -0.174648541647E-02
 -0.899974229795E-02  0.132598732342E-02  0.784084801611E-02 -0.170571778535E-02 -0.174648541647E-02  0.119844369417E-02
