  0.787821914001     -0.166668849680      0.188227214784E-02  0.238798965795E-01  0.219790883670E-02  0.391654853979E-02
 -0.166668849680      0.153892105848      0.742897546146E-02 -0.255218789346E-02 -0.586433852285E-02  0.526553083861E-03
  0.188227214784E-02  0.742897546146E-02  0.411993623056E-01 -0.936847460478E-02 -0.593757619995E-02  0.165316487773E-02
  0.238798965795E-01 -0.255218789346E-02 -0.936847460478E-02  0.153114156762E-01 -0.108122187402E-02  0.119893291599E-02
  0.219790883670E-02 -0.586433852285E-02 -0.593757619995E-02 -0.108122187402E-02  0.149797101360E-02 -0.543454614712E-03
  0.391654853979E-02  0.526553083861E-03  0.165316487773E-02  0.119893291599E-02 -0.543454614712E-03  0.277231155881E-03
