 -0.263026258598E-16  0.192551481712E-01  0.794016668367E-02  0.196320602982E-01 -0.420124190348E-02 -0.164066929325E-02
 -0.192551481712E-01 -0.407280707858E-16  0.301563824675E-01 -0.636440307985E-02 -0.663038048672E-02  0.249864371406E-02
 -0.794016668367E-02 -0.301563824675E-01 -0.129101691363E-16 -0.177032205152E-01 -0.120766001395E-03 -0.185650905322E-02
 -0.196320602982E-01  0.636440307985E-02  0.177032205152E-01  0.516057422330E-17 -0.260444240060E-02  0.692552214130E-03
  0.420124190348E-02  0.663038048672E-02  0.120766001395E-03  0.260444240060E-02 -0.120329297422E-18  0.207003536868E-03
  0.164066929325E-02 -0.249864371406E-02  0.185650905322E-02 -0.692552214130E-03 -0.207003536868E-03 -0.404382858145E-19
