  0.664630769842     -0.247755066680E-01 -0.930721542977E-01  0.349753271433E-01  0.356746110268E-03 -0.816462219184E-02
 -0.247755066680E-01  0.292304736181     -0.293868934680E-01 -0.324417292483E-01 -0.126469599155E-02 -0.616531713160E-03
 -0.930721542977E-01 -0.293868934680E-01  0.233263089002E-01 -0.584920350306E-02 -0.412679126932E-02  0.371822207806E-02
  0.349753271433E-01 -0.324417292483E-01 -0.584920350306E-02  0.142305455993E-01 -0.805652738772E-04 -0.283860759870E-02
  0.356746110268E-03 -0.126469599155E-02 -0.412679126932E-02 -0.805652738772E-04  0.429067257400E-02 -0.114063817780E-02
 -0.816462219184E-02 -0.616531713160E-03  0.371822207806E-02 -0.283860759870E-02 -0.114063817780E-02  0.121696690305E-02
