 -0.573908621135E-17  0.143507996797E-01  0.476236901774E-02 -0.853516878712E-02 -0.527611323285E-02  0.684379127121E-02
 -0.143507996797E-01 -0.158580013735E-16  0.214271199789E-01 -0.129792170894E-01 -0.789692739262E-02 -0.240175898064E-02
 -0.476236901774E-02 -0.214271199789E-01 -0.266673329219E-17 -0.172588520055E-02  0.251922745014E-02  0.246235901889E-02
  0.853516878712E-02  0.129792170894E-01  0.172588520055E-02 -0.916527752850E-17 -0.342006571425E-02 -0.328077598759E-03
  0.527611323285E-02  0.789692739262E-02 -0.251922745014E-02  0.342006571425E-02 -0.406266892330E-17 -0.648503990862E-03
 -0.684379127121E-02  0.240175898064E-02 -0.246235901889E-02  0.328077598759E-03  0.648503990862E-03  0.420722485418E-17
