  0.655138803509     -0.565950530842E-01 -0.842098779178E-01  0.280740439651E-01  0.181165303515E-01 -0.110696003808E-01
 -0.565950530842E-01  0.238095010090     -0.829030806785E-02 -0.339579578653E-01  0.266307805092E-02  0.616464566787E-02
 -0.842098779178E-01 -0.829030806785E-02  0.813929648481E-01 -0.165820169815E-01 -0.124178091284E-01  0.863816558945E-02
  0.280740439651E-01 -0.339579578653E-01 -0.165820169815E-01  0.151982974061E-01 -0.800767288105E-03 -0.483756243182E-02
  0.181165303515E-01  0.266307805092E-02 -0.124178091284E-01 -0.800767288105E-03  0.760431089564E-02 -0.208751367422E-02
 -0.110696003808E-01  0.616464566787E-02  0.863816558945E-02 -0.483756243182E-02 -0.208751367422E-02  0.257061325190E-02
