  0.694453478455     -0.198384531081E-01 -0.977450010549E-01  0.247579633126E-01  0.800602663339E-02 -0.353996513455E-02
 -0.198384531081E-01  0.260115850488     -0.273173084870E-01 -0.229283643689E-01  0.152341672647E-02 -0.249900320264E-02
 -0.977450010549E-01 -0.273173084870E-01  0.303513424258E-01 -0.704922859440E-02 -0.819999416201E-02  0.331200263177E-02
  0.247579633126E-01 -0.229283643689E-01 -0.704922859440E-02  0.948661961005E-02  0.161625273242E-02 -0.189824352959E-02
  0.800602663339E-02  0.152341672647E-02 -0.819999416201E-02  0.161625273242E-02  0.483897062911E-02 -0.869130485218E-03
 -0.353996513455E-02 -0.249900320264E-02  0.331200263177E-02 -0.189824352959E-02 -0.869130485218E-03  0.753738391898E-03
