 -0.820095249542E-17 -0.133513583854E-02 -0.206697625009E-01 -0.307599710055E-02 -0.753876106155E-02  0.639668031213E-02
  0.133513583854E-02 -0.280905639200E-16  0.292118884150E-01  0.161522415493E-02 -0.138910761875E-01 -0.502282583494E-03
  0.206697625009E-01 -0.292118884150E-01 -0.296329503786E-16 -0.978143967243E-02  0.646649164302E-02  0.446357632606E-03
  0.307599710055E-02 -0.161522415493E-02  0.978143967243E-02  0.190634183681E-16 -0.684003768326E-02  0.183584542787E-02
  0.753876106155E-02  0.138910761875E-01 -0.646649164302E-02  0.684003768326E-02  0.267825245513E-18 -0.926189235534E-03
 -0.639668031213E-02  0.502282583494E-03 -0.446357632606E-03 -0.183584542787E-02  0.926189235534E-03  0.279931185740E-18
