 -0.467639384589E-17 -0.255941534479E-03  0.726262680462E-02  0.963357788808E-02 -0.790685235062E-03  0.250802116352E-02
  0.255941534479E-03 -0.454563402109E-17  0.311627900410E-01 -0.126671736910E-01 -0.332537401383E-01  0.672105632875E-02
 -0.726262680462E-02 -0.311627900410E-01  0.284393513114E-17 -0.747329957061E-02  0.561072107683E-02  0.271478070802E-02
 -0.963357788808E-02  0.126671736910E-01  0.747329957061E-02 -0.112824967498E-16 -0.364483792197E-02  0.939399814119E-03
  0.790685235062E-03  0.332537401383E-01 -0.561072107683E-02  0.364483792197E-02  0.198143021432E-17 -0.316414304615E-02
 -0.250802116352E-02 -0.672105632875E-02 -0.271478070802E-02 -0.939399814119E-03  0.316414304615E-02 -0.115407382979E-17
