  0.749488439917     -0.294646422758E-01 -0.995692269690E-01  0.311664438616E-01  0.706355391240E-02 -0.136605511901E-01
 -0.294646422758E-01  0.210267192189     -0.120885505168E-01 -0.144317099150E-01  0.165959971185E-02 -0.293283637387E-02
 -0.995692269690E-01 -0.120885505168E-01  0.236205234301E-01 -0.822409360738E-02 -0.422373567335E-02  0.316997355726E-02
  0.311664438616E-01 -0.144317099150E-01 -0.822409360738E-02  0.130551541757E-01 -0.691050622274E-03 -0.934489812858E-03
  0.706355391240E-02  0.165959971185E-02 -0.422373567335E-02 -0.691050622274E-03  0.306686959759E-02 -0.727867099676E-03
 -0.136605511901E-01 -0.293283637387E-02  0.316997355726E-02 -0.934489812858E-03 -0.727867099676E-03  0.501820691149E-03
