  0.853393857645     -0.538947058080E-01 -0.243068585783E-02  0.387028124316E-02  0.281662782218E-02 -0.134098434236E-01
 -0.538947058080E-01  0.114157560583     -0.466774511341E-02  0.238973209882E-02  0.120156203179E-02  0.846852466447E-02
 -0.243068585783E-02 -0.466774511341E-02  0.206797855350E-01 -0.352350583464E-02 -0.374700735820E-03  0.148064187231E-02
  0.387028124316E-02  0.238973209882E-02 -0.352350583464E-02  0.500841270825E-02  0.785866433192E-03 -0.645448605207E-03
  0.281662782218E-02  0.120156203179E-02 -0.374700735820E-03  0.785866433192E-03  0.271687594541E-02 -0.695300234359E-03
 -0.134098434236E-01  0.846852466447E-02  0.148064187231E-02 -0.645448605207E-03 -0.695300234359E-03  0.404350758312E-02
