  0.824668903993     -0.524196062971E-01 -0.101820522469     -0.587840253907E-02 -0.381692310798E-02 -0.152375479223E-02
 -0.524196062971E-01  0.989678909400E-01 -0.479378084032E-02 -0.995260393596E-03  0.143976337629E-02 -0.102153367719E-02
 -0.101820522469     -0.479378084032E-02  0.680770547772E-01 -0.267257589961E-02 -0.342093980363E-03  0.115358392576E-02
 -0.587840253907E-02 -0.995260393596E-03 -0.267257589961E-02  0.803608441774E-02 -0.517462252620E-03 -0.637301324486E-04
 -0.381692310798E-02  0.143976337629E-02 -0.342093980363E-03 -0.517462252620E-03  0.133637125085E-03 -0.694987116748E-04
 -0.152375479223E-02 -0.102153367719E-02  0.115358392576E-02 -0.637301324486E-04 -0.694987116748E-04  0.116428747274E-03
