  0.172008537675E-16  0.488616000132E-01 -0.185953008219E-01 -0.172728255252E-01  0.107771918607E-01  0.187493255575E-02
 -0.488616000132E-01 -0.470859993444E-16 -0.119320292460E-01 -0.289796625123E-03 -0.527137025419E-02  0.670991316699E-02
  0.185953008219E-01  0.119320292460E-01 -0.767234526270E-17 -0.387790241300E-03  0.326345090859E-02 -0.309860862176E-02
  0.172728255252E-01  0.289796625123E-03  0.387790241300E-03 -0.359918309055E-17 -0.516558085810E-02  0.216727779950E-02
 -0.107771918607E-01  0.527137025419E-02 -0.326345090859E-02  0.516558085810E-02 -0.267224819308E-17  0.118377952526E-02
 -0.187493255575E-02 -0.670991316699E-02  0.309860862176E-02 -0.216727779950E-02 -0.118377952526E-02 -0.149265186582E-17
