  0.456925578159      0.196368098786E-02 -0.523693206277E-01  0.233817091721E-01 -0.246366424646E-01  0.745114088488E-02
  0.196368098786E-02  0.342035991122     -0.111054039060      0.146918179173E-01 -0.147465502143E-02  0.665139349291E-02
 -0.523693206277E-01 -0.111054039060      0.132610162634     -0.525954965003E-01  0.897973474725E-02 -0.284321807256E-02
  0.233817091721E-01  0.146918179173E-01 -0.525954965003E-01  0.534176612165E-01 -0.182348907741E-01  0.276215452882E-03
 -0.246366424646E-01 -0.147465502143E-02  0.897973474725E-02 -0.182348907741E-01  0.137993050051E-01 -0.199733029629E-02
  0.745114088488E-02  0.665139349291E-02 -0.284321807256E-02  0.276215452882E-03 -0.199733029629E-02  0.121130186306E-02
