  0.622369111469     -0.774659085175E-01 -0.101788161714      0.468959208336E-01 -0.126918655963E-01  0.123553374592E-02
 -0.774659085175E-01  0.297357839740     -0.270922598803E-01 -0.199018864096E-01  0.726008116150E-02  0.422278954355E-02
 -0.101788161714     -0.270922598803E-01  0.671844015986E-01 -0.146161688407E-01 -0.509557393032E-02 -0.701219445508E-03
  0.468959208336E-01 -0.199018864096E-01 -0.146161688407E-01  0.935862047127E-02 -0.749937648733E-03 -0.297702253119E-03
 -0.126918655963E-01  0.726008116150E-02 -0.509557393032E-02 -0.749937648733E-03  0.296288084545E-02 -0.304070457397E-03
  0.123553374592E-02  0.422278954355E-02 -0.701219445508E-03 -0.297702253119E-03 -0.304070457397E-03  0.767145876009E-03
