  0.987837083960      0.131238308022E-05 -0.643683889192E-01  0.486817515303E-05  0.571637668331E-01  0.811263142451E-05 -0.527715785088E-01  0.102298464505E-04
  0.131238308022E-05  0.155311711803E-02 -0.122516162701E-05 -0.567318422141E-03 -0.157748390290E-05  0.312270447961E-03 -0.216049418673E-05 -0.168900625440E-03
 -0.643683889192E-01 -0.122516162701E-05  0.419435188131E-02  0.990721571009E-07 -0.372484991281E-02 -0.757763620491E-06  0.343865224866E-02 -0.542649842332E-06
  0.486817515303E-05 -0.567318422141E-03  0.990721571009E-07  0.207228908002E-03  0.885669457762E-06 -0.114065414294E-03  0.503505737209E-06  0.616957325910E-04
  0.571637668331E-01 -0.157748390290E-05 -0.372484991281E-02  0.885669457762E-06  0.330793303478E-02  0.137019388396E-06 -0.305376341885E-02  0.771786061041E-06
  0.811263142451E-05  0.312270447961E-03 -0.757763620491E-06 -0.114065414294E-03  0.137019388396E-06  0.627853716852E-04 -0.853681277405E-06 -0.339592062351E-04
 -0.527715785088E-01 -0.216049418673E-05  0.343865224866E-02  0.503505737209E-06 -0.305376341885E-02 -0.853681277405E-06  0.281913173002E-02 -0.319163796096E-06
  0.102298464505E-04 -0.168900625440E-03 -0.542649842332E-06  0.616957325910E-04  0.771786061041E-06 -0.339592062351E-04 -0.319163796096E-06  0.183679957771E-04
