  0.987849292817      0.616159281787E-05 -0.642450627702E-01 -0.467159468469E-05  0.572007044665E-01 -0.107945139440E-05 -0.527693196224E-01  0.751104335112E-05
  0.616159281787E-05  0.155360601452E-02 -0.223976342750E-05 -0.566832532382E-03  0.293498229242E-05  0.312213468402E-03 -0.251745990518E-05 -0.168512320989E-03
 -0.642450627702E-01 -0.223976342750E-05  0.417824490443E-02  0.974793372246E-06 -0.372007387931E-02 -0.299372979095E-06  0.343187573856E-02 -0.289011001045E-06
 -0.467159468469E-05 -0.566832532382E-03  0.974793372246E-06  0.206808968067E-03 -0.121116140559E-05 -0.113911104871E-03  0.104795684725E-05  0.614817453095E-04
  0.572007044665E-01  0.293498229242E-05 -0.372007387931E-02 -0.121116140559E-05  0.331217097963E-02  0.455611946607E-06 -0.305557396747E-02  0.155276114010E-06
 -0.107945139440E-05  0.312213468402E-03 -0.299372979095E-06 -0.113911104871E-03  0.455611946607E-06  0.627426536691E-04 -0.382103348693E-06 -0.338643928797E-04
 -0.527693196224E-01 -0.251745990518E-05  0.343187573856E-02  0.104795684725E-05 -0.305557396747E-02 -0.382103348693E-06  0.281885582083E-02 -0.163871039917E-06
  0.751104335112E-05 -0.168512320989E-03 -0.289011001045E-06  0.614817453095E-04  0.155276114010E-06 -0.338643928797E-04 -0.163871039917E-06  0.182778422910E-04
