%!PS-Adobe-3.0
%%Creator: cairo 1.10.2 (http://cairographics.org)
%%CreationDate: Fri May  5 19:53:49 2017
%%Pages: 1
%%BoundingBox: 0 0 461 345
%%DocumentData: Clean7Bit
%%LanguageLevel: 2
%%DocumentMedia: 162x122mm 460 345 0 () ()
%%EndComments
%%BeginProlog
/languagelevel where
{ pop languagelevel } { 1 } ifelse
2 lt { /Helvetica findfont 12 scalefont setfont 50 500 moveto
  (This print job requires a PostScript Language Level 2 printer.) show
  showpage quit } if
/q { gsave } bind def
/Q { grestore } bind def
/cm { 6 array astore concat } bind def
/w { setlinewidth } bind def
/J { setlinecap } bind def
/j { setlinejoin } bind def
/M { setmiterlimit } bind def
/d { setdash } bind def
/m { moveto } bind def
/l { lineto } bind def
/c { curveto } bind def
/h { closepath } bind def
/re { exch dup neg 3 1 roll 5 3 roll moveto 0 rlineto
      0 exch rlineto 0 rlineto closepath } bind def
/S { stroke } bind def
/f { fill } bind def
/f* { eofill } bind def
/n { newpath } bind def
/W { clip } bind def
/W* { eoclip } bind def
/BT { } bind def
/ET { } bind def
/pdfmark where { pop globaldict /?pdfmark /exec load put }
    { globaldict begin /?pdfmark /pop load def /pdfmark
    /cleartomark load def end } ifelse
/BDC { mark 3 1 roll /BDC pdfmark } bind def
/EMC { mark /EMC pdfmark } bind def
/cairo_store_point { /cairo_point_y exch def /cairo_point_x exch def } def
/Tj { show currentpoint cairo_store_point } bind def
/TJ {
  {
    dup
    type /stringtype eq
    { show } { -0.001 mul 0 cairo_font_matrix dtransform rmoveto } ifelse
  } forall
  currentpoint cairo_store_point
} bind def
/cairo_selectfont { cairo_font_matrix aload pop pop pop 0 0 6 array astore
    cairo_font exch selectfont cairo_point_x cairo_point_y moveto } bind def
/Tf { pop /cairo_font exch def /cairo_font_matrix where
      { pop cairo_selectfont } if } bind def
/Td { matrix translate cairo_font_matrix matrix concatmatrix dup
      /cairo_font_matrix exch def dup 4 get exch 5 get cairo_store_point
      /cairo_font where { pop cairo_selectfont } if } bind def
/Tm { 2 copy 8 2 roll 6 array astore /cairo_font_matrix exch def
      cairo_store_point /cairo_font where { pop cairo_selectfont } if } bind def
/g { setgray } bind def
/rg { setrgbcolor } bind def
/d1 { setcachedevice } bind def
%%EndProlog
11 dict begin
/FontType 42 def
/FontName /DejaVuSans def
/PaintType 0 def
/FontMatrix [ 1 0 0 1 0 0 ] def
/FontBBox [ 0 0 0 0 ] def
/Encoding 256 array def
0 1 255 { Encoding exch /.notdef put } for
Encoding 1 /uni2212 put
Encoding 2 /uni0032 put
Encoding 3 /uni0030 put
Encoding 4 /uni0078 put
Encoding 5 /uni0033 put
Encoding 6 /uni0031 put
Encoding 7 /uni0070 put
Encoding 8 /uni002E put
Encoding 9 /uni0035 put
/CharStrings 10 dict dup begin
/.notdef 0 def
/uni2212 1 def
/uni0032 2 def
/uni0030 3 def
/uni0078 4 def
/uni0033 5 def
/uni0031 6 def
/uni0070 7 def
/uni002E 8 def
/uni0035 9 def
end readonly def
/sfnts [
<00010000000a008000030020636d61700035f0aa00000700000000526376742000691d390000
0754000001fe6670676d7134766a00000954000000ab676c79666311f24f000000ac00000654
68656164fbcdc89500000a0000000036686865610cb8065b00000a3800000024686d7478314f
064700000a5c000000286c6f63610000220000000a840000002c6d6178700477067100000ab0
00000020707265703b07f10000000ad00000056800020066fe96046605a400030007001a400c
04fb0006fb0108057f0204002fc4d4ec310010d4ecd4ec301311211125211121660400fc7303
1bfce5fe96070ef8f2720629000100d9022d05db02d700030011b6009c020401000410d4c431
0010d4ec3013211521d90502fafe02d7aa00000100960000044a05f0001c009a4027191a1b03
181c11050400110505044210a111940da014910400a00200100a02010a1c171003061d10fc4b
b015544bb016545b4bb014545b58b90003ffc03859c4d4ecc0c011123931002fec32f4ecf4ec
304b5358071005ed0705ed11173959220140325504560556077a047a05761b87190704000419
041a041b051c74007606751a731b741c82008619821a821b821ca800a81b115d005d25211521
353600373e0135342623220607353e01333204151406070600018902c1fc4c73018d33614da7
865fd3787ad458e80114455b19fef4aaaaaa7701913a6d974977964243cc3132e8c25ca5701d
feeb000000020087ffe3048f05f0000b00170023401306a01200a00c91128c18091c0f1e031c
151b1810fcecf4ec310010e4f4ec10ee30012202111012333212111002273200111000232200
111000028b9c9d9d9c9d9d9d9dfb0109fef7fbfbfef701090550fecdfeccfecdfecd01330133
01340133a0fe73fe86fe87fe73018d0179017a018d000001003b000004790460000b01434046
0511060706041103040707060411050401020103110202010b110001000a11090a0101000a11
0b0a0708070911080807420a070401040800bf05020a0704010408000208060c10d44bb00a54
4bb00f545b4bb010545b4bb011545b58b90006004038594bb0145458b90006ffc03859c4d4c4
11173931002f3cec321739304b5358071005ed071008ed071008ed071005ed071005ed071008
ed071008ed071005ed59220140980a04040a1a04150a260a3d04310a55045707580a660a7601
7a047607740a8d04820a99049f049707920a900aa601a904af04a507a30aa00a1c0a03040505
090a0b1a03150515091a0b2903260525092a0b200d3a013903370534073609390b300d490346
0545094a0b400d590056015902590357055606590756085609590b500d6f0d78017f0d9b0194
07ab01a407b00dcf0ddf0dff0d2f5d005d09022309012309013309010464fe6b01aad9febafe
bad901b3fe72d9012901290460fddffdc101b8fe48024a0216fe71018f000001009cffe30473
05f000280070402e0015130a86091f862013a0150da00993061ca020932391068c15a329161c
13000314191c2620101c03141f09062910fc4bb016544bb014545b58b90009ffc03859c4c4d4
ecf4ec11173939310010ece4f4e4ec10e6ee10ee10ee10ee11123930014009641e611f612064
2104005d011e0115140421222627351e013332363534262b013533323635342623220607353e
01333204151406033f91a3fed0fee85ec76a54c86dbec7b9a5aeb6959ea39853be7273c959e6
010c8e03251fc490ddf22525c33132968f8495a67770737b2426b42020d1b27cab00000100e1
0000045a05d5000a004040154203a00402a005810700a009081f061c03001f010b10d44bb00f
5458b9000100403859ecc4fcec31002fec32f4ecd4ec304b5358592201b40f030f04025d3721
110535253311211521fe014afe990165ca014afca4aa047348b848fad5aa0000000200bafe56
04a4047b0010001c003e401b1ab9000e14b90508b80e8c01bd03bc1d11120b47170400080246
1d10fcec3232f4ec310010e4e4e4f4c4ec10c4ee304009601e801ea01ee01e04015d25112311
33153e013332001110022322260134262322061514163332360173b9b93ab17bcc00ffffcc7b
b10238a79292a7a79292a7a8fdae060aaa6461febcfef8fef8febc6101ebcbe7e7cbcbe7e700
0000000100db000001ae00fe00030011b7008302011900180410fcec31002fec3037331523db
d3d3fefe0001009effe3046405d5001d005e4023041a071186101d1aa00714a010890d02a000
810d8c07a41e171c010a031c000a10061e10fc014bb016544bb014545b58b90010ffc038594b
b00f5458b9001000403859c4d4ec10c4ee310010e4e4f4ec10e6ee10fec410ee111239301321
1521113e0133320015140021222627351e0133323635342623220607dd0319fda02c582cfa01
24fed4feef5ec3685ac06badcacaad51a15405d5aafe920f0ffeeeeaf1fef52020cb3130b69c
9cb6242600000000000200030000000000140001000000000034000400200000000400040001
0000f009ffff0000f000ffff10000001000000000006001e00000000000a0000000100020003
0004000500060007000800090000013500b800cb00cb00c100aa009c01a600b8006600000071
00cb00a002b20085007500b800c301cb0189022d00cb00a600f000d300aa008700cb03aa0400
014a003300cb000000d9050200f4015400b4009c01390114013907060400044e04b4045204b8
04e704cd0037047304cd04600473013303a2055605a60556053903c5021200c9001f00b801df
007300ba03e9033303bc0444040e00df03cd03aa00e503aa0404000000cb008f00a4007b00b8
0014016f007f027b0252008f00c705cd009a009a006f00cb00cd019e01d300f000ba018300d5
009803040248009e01d500c100cb00f600830354027f00000333026600d300c700a400cd008f
009a0073040005d5010a00fe022b00a400b4009c00000062009c0000001d032d05d505d505d5
05f0007f007b005400a406b80614072301d300b800cb00a601c301ec069300a000d3035c0371
03db0185042304a80448008f0139011401390360008f05d5019a061407230666017904600460
0460047b009c00000277046001aa00e904600762007b00c5007f027b000000b4025205cd0066
00bc00660077061000cd013b01850389008f007b0000001d00cd074a042f009c009c0000077d
006f0000006f0335006a006f007b00ae00b2002d0396008f027b00f600830354063705f6008f
009c04e10266008f018d02f600cd03440029006604ee00730000140000960000b70706050403
0201002c2010b002254964b040515820c859212d2cb002254964b040515820c859212d2c2010
0720b00050b00d7920b8ffff5058041b0559b0051cb0032508b0042523e120b00050b00d7920
b8ffff5058041b0559b0051cb0032508e12d2c4b505820b0fd454459212d2cb002254560442d
2c4b5358b00225b0022545445921212d2c45442d2cb00225b0022549b00525b005254960b020
6368208a108a233a8a10653a2d00000100000002547afcf04b405f0f3cf5001f080000000000
cba9948d00000000cba9948df7d6fcae0d72095500000008000000010000000000010000076d
fe1d00000de2f7d6fa510d7200010000000000000000000000000000000a04cd006606b400d9
051700960517008704bc003b0517009c051700e1051400ba028b00db0517009e000000000000
0044000000700000016c000001f0000003740000045c000004cc0000056c0000059400000654
00010000000a0354002b0068000c000200100099000800000415021600080004b8028040fffb
fe03fa1403f92503f83203f79603f60e03f5fe03f4fe03f32503f20e03f19603f02503ef8a41
05effe03ee9603ed9603ecfa03ebfa03eafe03e93a03e84203e7fe03e63203e5e45305e59603
e48a4105e45303e3e22f05e3fa03e22f03e1fe03e0fe03df3203de1403dd9603dcfe03db1203
da7d03d9bb03d8fe03d68a4105d67d03d5d44705d57d03d44703d3d21b05d3fe03d21b03d1fe
03d0fe03cffe03cefe03cd9603cccb1e05ccfe03cb1e03ca3203c9fe03c6851105c61c03c516
03c4fe03c3fe03c2fe03c1fe03c0fe03bffe03befe03bdfe03bcfe03bbfe03ba1103b9862505
b9fe03b8b7bb05b8fe03b7b65d05b7bb03b78004b6b52505b65d40ff03b64004b52503b4fe03
b39603b2fe03b1fe03b0fe03affe03ae6403ad0e03acab2505ac6403abaa1205ab2503aa1203
a98a4105a9fa03a8fe03a7fe03a6fe03a51203a4fe03a3a20e05a33203a20e03a16403a08a41
05a096039ffe039e9d0c059efe039d0c039c9b19059c64039b9a10059b19039a1003990a0398
fe0397960d0597fe03960d03958a410595960394930e05942803930e0392fa039190bb0591fe
03908f5d0590bb039080048f8e25058f5d038f40048e25038dfe038c8b2e058cfe038b2e038a
8625058a410389880b05891403880b03878625058764038685110586250385110384fe038382
110583fe0382110381fe0380fe037ffe0340ff7e7d7d057efe037d7d037c64037b5415057b25
037afe0379fe03780e03770c03760a0375fe0374fa0373fa0372fa0371fa0370fe036ffe036e
fe036c21036bfe036a1142056a530369fe03687d036711420566fe0365fe0364fe0363fe0362
fe03613a0360fa035e0c035dfe035bfe035afe0359580a0559fa03580a035716190557320356
fe035554150555420354150353011005531803521403514a130551fe03500b034ffe034e4d10
054efe034d10034cfe034b4a13054bfe034a4910054a1303491d0d05491003480d0347fe0346
960345960344fe0343022d0543fa0342bb03414b0340fe033ffe033e3d12053e14033d3c0f05
3d12033c3b0d053c40ff0f033b0d033afe0339fe033837140538fa033736100537140336350b
05361003350b03341e03330d0332310b0532fe03310b03302f0b05300d032f0b032e2d09052e
10032d09032c32032b2a25052b64032a2912052a25032912032827250528410327250326250b
05260f03250b0324fe0323fe03220f03210110052112032064031ffa031e1d0d051e64031d0d
031c1142051cfe031bfa031a42031911420519fe031864031716190517fe0316011005161903
15fe0314fe0313fe031211420512fe0311022d05114203107d030f64030efe030d0c16050dfe
030c0110050c16030bfe030a100309fe0308022d0508fe030714030664030401100504fe0340
1503022d0503fe0302011005022d0301100300fe0301b80164858d012b2b2b2b2b2b2b2b2b2b
2b2b2b2b2b2b2b2b2b2b2b2b2b2b2b2b2b2b2b2b2b2b2b2b2b2b2b2b2b2b2b2b2b2b2b2b2b2b
2b2b2b2b2b2b2b2b2b2b2b2b2b2b2b2b2b2b2b2b2b2b2b2b2b2b2b2b2b2b2b2b2b2b2b2b2b2b
2b2b2b2b2b2b2b2b2b2b2b2b2b2b2b2b2b2b2b2b2b2b2b2b2b2b2b2b2b2b2b2b2b2b2b2b2b2b
2b2b2b2b2b2b2b2b2b2b2b2b2b2b2b2b2b2b2b2b2b2b2b2b2b2b2b2b2b2b2b2b2b2b2b2b2b2b
2b2b2b002b2b2b2b2b2b2b2b2b2b2b2b2b2b2b2b2b2b2b2b2b2b2b2b2b2b2b2b2b2b2b2b2b2b
2b2b2b2b2b2b2b2b2b2b2b2b2b2b2b2b2b2b2b2b2b2b2b2b2b2b2b2b2b2b2b2b2b2b2b2b2b2b
2b2b2b2b2b2b2b2b2b2b2b2b2b2b2b2b2b2b2b2b2b2b2b2b2b2b2b2b2b2b2b2b2b2b2b2b2b2b
2b2b2b2b2b2b2b2b2b2b2b2b2b2b2b2b2b2b2b2b2b2b2b2b2b2b2b2b2b2b2b2b2b2b2b2b2b2b
2b2b2b2b2b2b2b2b2b1d00>
] def
/f-0-0 currentdict end definefont pop
%%Page: 1 1
%%BeginPageSetup
%%PageMedia: 162x122mm
%%PageBoundingBox: 0 0 461 345
%%EndPageSetup
q 0 0 461 345 rectclip q
0 345 460 -345 re W n
q
0 345 460 -345 re W n
  q
Q q
1 g
0 345.602 460.801 -345.602 re f
67.637 327.883 296.41 -266.23 re f
  Q
Q
Q q
67.641 327.852 296.398 -266.203 re W n
q
67 328 298 -267 re W n
  q
Q q
0.403922 0.00392157 0.12549 rg
214.355 192.227 m 214.953 192.008 l 215.547 191.922 l 216.141 191.961 l 
216.734 192.129 l 217.199 192.367 l 217.328 192.449 l 217.797 192.898 l 
217.922 193.074 l 218.117 193.434 l 218.27 193.969 l 218.285 194.5 l 
218.164 195.035 l 217.922 195.527 l 217.898 195.566 l 217.379 196.102 l 
217.328 196.141 l 216.734 196.457 l 216.148 196.633 l 216.141 196.637 l 
215.547 196.672 l 215.254 196.633 l 214.953 196.586 l 214.355 196.355 l 
213.949 196.102 l 213.762 195.945 l 213.434 195.566 l 213.172 195.105 l 
213.137 195.035 l 213.023 194.5 l 213.039 193.969 l 213.172 193.473 l 
213.184 193.434 l 213.523 192.898 l 213.762 192.645 l 214.121 192.367 l f
0.415686 0.0156863 0.137255 rg
213.762 190.664 m 214.355 190.461 l 214.953 190.336 l 215.547 190.281 l 
216.141 190.309 l 216.734 190.406 l 217.328 190.578 l 217.773 190.766 l 
217.922 190.84 l 218.516 191.215 l 218.625 191.301 l 219.109 191.754 l 
219.18 191.832 l 219.566 192.367 l 219.703 192.613 l 219.84 192.898 l 
220.012 193.434 l 220.102 193.969 l 220.109 194.5 l 220.039 195.035 l 
219.883 195.566 l 219.703 195.977 l 219.641 196.102 l 219.273 196.633 l 
219.109 196.824 l 218.758 197.168 l 218.516 197.363 l 218.004 197.703 l 
217.922 197.746 l 217.328 198.004 l 216.734 198.184 l 216.426 198.234 l 
216.141 198.277 l 215.547 198.301 l 214.953 198.254 l 214.859 198.234 l 
214.355 198.125 l 213.762 197.918 l 213.316 197.703 l 213.172 197.621 l 
212.574 197.195 l 212.543 197.168 l 212.031 196.633 l 211.98 196.566 l 
211.68 196.102 l 211.422 195.566 l 211.387 195.453 l 211.27 195.035 l 
211.203 194.5 l 211.211 193.969 l 211.297 193.434 l 211.387 193.137 l 
211.469 192.898 l 211.746 192.367 l 211.98 192.023 l 212.137 191.832 l 
212.574 191.395 l 212.688 191.301 l 213.172 190.969 l 213.543 190.766 l 
h
214.121 192.367 m 213.762 192.645 l 213.523 192.898 l 213.184 193.434 l 
213.172 193.473 l 213.039 193.969 l 213.023 194.5 l 213.137 195.035 l 
213.172 195.105 l 213.434 195.566 l 213.762 195.945 l 213.949 196.102 l 
214.355 196.355 l 214.953 196.586 l 215.254 196.633 l 215.547 196.672 l 
216.141 196.637 l 216.148 196.633 l 216.734 196.457 l 217.328 196.141 l 
217.379 196.102 l 217.898 195.566 l 217.922 195.527 l 218.164 195.035 l 
218.285 194.5 l 218.27 193.969 l 218.117 193.434 l 217.922 193.074 l 
217.797 192.898 l 217.328 192.449 l 217.199 192.367 l 216.734 192.129 l 
216.141 191.961 l 215.547 191.922 l 214.953 192.008 l 214.355 192.227 l f
0.423529 0.027451 0.14902 rg
215.547 189.133 m 216.141 189.148 l 216.266 189.164 l 216.734 189.227 l 
217.328 189.359 l 217.922 189.555 l 218.258 189.699 l 218.516 189.82 l 
219.109 190.172 l 219.195 190.23 l 219.703 190.637 l 219.844 190.766 l 
220.297 191.254 l 220.332 191.301 l 220.699 191.832 l 220.891 192.184 l 
220.98 192.367 l 221.18 192.898 l 221.312 193.434 l 221.383 193.969 l 
221.391 194.5 l 221.332 195.035 l 221.215 195.566 l 221.027 196.102 l 
220.891 196.395 l 220.766 196.633 l 220.418 197.168 l 220.297 197.316 l 
219.953 197.703 l 219.703 197.941 l 219.344 198.234 l 219.109 198.402 l 
218.516 198.762 l 218.504 198.77 l 217.922 199.023 l 217.328 199.223 l 
216.98 199.301 l 216.734 199.355 l 216.141 199.426 l 215.547 199.441 l 
214.953 199.406 l 214.355 199.312 l 214.305 199.301 l 213.762 199.156 l 
213.172 198.934 l 212.82 198.77 l 212.574 198.641 l 211.98 198.254 l 
211.957 198.234 l 211.387 197.738 l 211.348 197.703 l 210.895 197.168 l 
210.793 197.027 l 210.547 196.633 l 210.281 196.102 l 210.199 195.879 l 
210.094 195.566 l 209.977 195.035 l 209.926 194.5 l 209.93 193.969 l 
210 193.434 l 210.129 192.898 l 210.199 192.699 l 210.332 192.367 l 
210.613 191.832 l 210.793 191.555 l 210.984 191.301 l 211.387 190.844 l 
211.465 190.766 l 211.98 190.328 l 212.117 190.23 l 212.574 189.945 l 
213.047 189.699 l 213.172 189.641 l 213.762 189.426 l 214.355 189.27 l 
214.953 189.172 l 215.031 189.164 l h
213.543 190.766 m 213.172 190.969 l 212.688 191.301 l 212.574 191.395 l 
212.137 191.832 l 211.98 192.023 l 211.746 192.367 l 211.469 192.898 l 
211.387 193.137 l 211.297 193.434 l 211.211 193.969 l 211.203 194.5 l 
211.27 195.035 l 211.387 195.453 l 211.422 195.566 l 211.68 196.102 l 
211.98 196.566 l 212.031 196.633 l 212.543 197.168 l 212.574 197.195 l 
213.172 197.621 l 213.316 197.703 l 213.762 197.918 l 214.355 198.125 l 
214.859 198.234 l 214.953 198.254 l 215.547 198.301 l 216.141 198.277 l 
216.426 198.234 l 216.734 198.184 l 217.328 198.004 l 217.922 197.746 l 
218.004 197.703 l 218.516 197.363 l 218.758 197.168 l 219.109 196.824 l 
219.273 196.633 l 219.641 196.102 l 219.703 195.977 l 219.883 195.566 l 
220.039 195.035 l 220.109 194.5 l 220.102 193.969 l 220.012 193.434 l 
219.84 192.898 l 219.703 192.613 l 219.566 192.367 l 219.18 191.832 l 
219.109 191.754 l 218.625 191.301 l 218.516 191.215 l 217.922 190.84 l 
217.773 190.766 l 217.328 190.578 l 216.734 190.406 l 216.141 190.309 l 
215.547 190.281 l 214.953 190.336 l 214.355 190.461 l 213.762 190.664 l f
0.431373 0.0392157 0.160784 rg
213.172 188.609 m 213.762 188.434 l 214.355 188.305 l 214.953 188.223 l 
215.547 188.191 l 216.141 188.207 l 216.734 188.27 l 217.328 188.383 l 
217.922 188.539 l 218.184 188.633 l 218.516 188.758 l 219.109 189.039 l 
219.332 189.164 l 219.703 189.395 l 220.121 189.699 l 220.297 189.84 l 
220.723 190.23 l 220.891 190.41 l 221.191 190.766 l 221.484 191.168 l 
221.574 191.301 l 221.867 191.832 l 222.078 192.312 l 222.102 192.367 l 
222.266 192.898 l 222.375 193.434 l 222.434 193.969 l 222.438 194.5 l 
222.391 195.035 l 222.289 195.566 l 222.137 196.102 l 222.078 196.254 l 
221.918 196.633 l 221.637 197.168 l 221.484 197.406 l 221.277 197.703 l 
220.891 198.172 l 220.832 198.234 l 220.297 198.738 l 220.262 198.77 l 
219.703 199.184 l 219.516 199.301 l 219.109 199.535 l 218.516 199.82 l 
218.477 199.836 l 217.922 200.035 l 217.328 200.195 l 216.734 200.309 l 
216.18 200.371 l 216.141 200.371 l 215.547 200.387 l 215.195 200.371 l 
214.953 200.355 l 214.355 200.273 l 213.762 200.141 l 213.172 199.961 l 
212.844 199.836 l 212.574 199.723 l 211.98 199.414 l 211.793 199.301 l 
211.387 199.027 l 211.055 198.77 l 210.793 198.539 l 210.484 198.234 l 
210.199 197.914 l 210.031 197.703 l 209.668 197.168 l 209.605 197.055 l 
209.391 196.633 l 209.176 196.102 l 209.012 195.566 l 209.012 195.559 l 
208.918 195.035 l 208.871 194.5 l 208.875 193.969 l 208.934 193.434 l 
209.012 193.039 l 209.043 192.898 l 209.215 192.367 l 209.441 191.832 l 
209.605 191.527 l 209.738 191.301 l 210.113 190.766 l 210.199 190.66 l 
210.59 190.23 l 210.793 190.035 l 211.188 189.699 l 211.387 189.547 l 
211.969 189.164 l 211.98 189.156 l 212.574 188.855 l 213.117 188.633 l 
h
215.031 189.164 m 214.953 189.172 l 214.355 189.27 l 213.762 189.426 l 
213.172 189.641 l 213.047 189.699 l 212.574 189.945 l 212.117 190.23 l 
211.98 190.328 l 211.465 190.766 l 211.387 190.844 l 210.984 191.301 l 
210.793 191.555 l 210.613 191.832 l 210.332 192.367 l 210.199 192.699 l 
210.129 192.898 l 210 193.434 l 209.93 193.969 l 209.926 194.5 l 
209.977 195.035 l 210.094 195.566 l 210.199 195.879 l 210.281 196.102 l 
210.547 196.633 l 210.793 197.027 l 210.895 197.168 l 211.348 197.703 l 
211.387 197.738 l 211.957 198.234 l 211.98 198.254 l 212.574 198.641 l 
212.82 198.77 l 213.172 198.934 l 213.762 199.156 l 214.305 199.301 l 
214.355 199.312 l 214.953 199.406 l 215.547 199.441 l 216.141 199.426 l 
216.734 199.355 l 216.98 199.301 l 217.328 199.223 l 217.922 199.023 l 
218.504 198.77 l 218.516 198.762 l 219.109 198.402 l 219.344 198.234 l 
219.703 197.941 l 219.953 197.703 l 220.297 197.316 l 220.418 197.168 l 
220.766 196.633 l 220.891 196.395 l 221.027 196.102 l 221.215 195.566 l 
221.332 195.035 l 221.391 194.5 l 221.383 193.969 l 221.312 193.434 l 
221.18 192.898 l 220.98 192.367 l 220.891 192.184 l 220.699 191.832 l 
220.332 191.301 l 220.297 191.254 l 219.844 190.766 l 219.703 190.637 l 
219.195 190.23 l 219.109 190.172 l 218.516 189.82 l 218.258 189.699 l 
217.922 189.555 l 217.328 189.359 l 216.734 189.227 l 216.266 189.164 l 
216.141 189.148 l 215.547 189.133 l f
0.443137 0.0470588 0.172549 rg
214.355 187.465 m 214.953 187.395 l 215.547 187.367 l 216.141 187.383 l 
216.734 187.438 l 217.328 187.531 l 217.477 187.562 l 217.922 187.676 l 
218.516 187.863 l 219.109 188.098 l 219.703 188.402 l 220.09 188.633 l 
220.297 188.766 l 220.836 189.164 l 220.891 189.211 l 221.422 189.699 l 
221.484 189.762 l 221.895 190.23 l 222.078 190.473 l 222.285 190.766 l 
222.605 191.301 l 222.676 191.438 l 222.855 191.832 l 223.055 192.367 l 
223.203 192.898 l 223.266 193.238 l 223.301 193.434 l 223.352 193.969 l 
223.355 194.5 l 223.316 195.035 l 223.266 195.332 l 223.227 195.566 l 
223.086 196.102 l 222.898 196.633 l 222.676 197.145 l 222.66 197.168 l 
222.352 197.703 l 222.078 198.102 l 221.98 198.234 l 221.523 198.77 l 
221.484 198.809 l 220.965 199.301 l 220.891 199.363 l 220.297 199.809 l 
220.258 199.836 l 219.703 200.172 l 219.324 200.371 l 219.109 200.473 l 
218.516 200.711 l 217.922 200.902 l 217.328 201.039 l 216.734 201.137 l 
216.141 201.191 l 215.547 201.203 l 214.953 201.176 l 214.355 201.105 l 
213.762 200.996 l 213.406 200.902 l 213.172 200.836 l 212.574 200.629 l 
211.98 200.371 l 211.977 200.371 l 211.387 200.047 l 211.055 199.836 l 
210.793 199.652 l 210.348 199.301 l 210.199 199.172 l 209.785 198.77 l 
209.605 198.57 l 209.332 198.234 l 209.012 197.789 l 208.953 197.703 l 
208.652 197.168 l 208.418 196.664 l 208.406 196.633 l 208.223 196.102 l 
208.086 195.566 l 207.996 195.035 l 207.953 194.5 l 207.961 193.969 l 
208.012 193.434 l 208.109 192.898 l 208.254 192.367 l 208.418 191.91 l 
208.449 191.832 l 208.707 191.301 l 209.012 190.777 l 209.02 190.766 l 
209.414 190.23 l 209.605 190.004 l 209.891 189.699 l 210.199 189.402 l 
210.477 189.164 l 210.793 188.922 l 211.215 188.633 l 211.387 188.523 l 
211.98 188.203 l 212.211 188.098 l 212.574 187.945 l 213.172 187.738 l 
213.762 187.574 l 213.82 187.562 l h
213.117 188.633 m 212.574 188.855 l 211.98 189.156 l 211.969 189.164 l 
211.387 189.547 l 211.188 189.699 l 210.793 190.035 l 210.59 190.23 l 
210.199 190.66 l 210.113 190.766 l 209.738 191.301 l 209.605 191.527 l 
209.441 191.832 l 209.215 192.367 l 209.043 192.898 l 209.012 193.039 l 
208.934 193.434 l 208.875 193.969 l 208.871 194.5 l 208.918 195.035 l 
209.012 195.559 l 209.012 195.566 l 209.176 196.102 l 209.391 196.633 l 
209.605 197.055 l 209.668 197.168 l 210.031 197.703 l 210.199 197.914 l 
210.484 198.234 l 210.793 198.539 l 211.055 198.77 l 211.387 199.027 l 
211.793 199.301 l 211.98 199.414 l 212.574 199.723 l 212.844 199.836 l 
213.172 199.961 l 213.762 200.141 l 214.355 200.273 l 214.953 200.355 l 
215.195 200.371 l 215.547 200.387 l 216.141 200.371 l 216.18 200.371 l 
216.734 200.309 l 217.328 200.195 l 217.922 200.035 l 218.477 199.836 l 
218.516 199.82 l 219.109 199.535 l 219.516 199.301 l 219.703 199.184 l 
220.262 198.77 l 220.297 198.738 l 220.832 198.234 l 220.891 198.172 l 
221.277 197.703 l 221.484 197.406 l 221.637 197.168 l 221.918 196.633 l 
222.078 196.254 l 222.137 196.102 l 222.289 195.566 l 222.391 195.035 l 
222.438 194.5 l 222.434 193.969 l 222.375 193.434 l 222.266 192.898 l 
222.102 192.367 l 222.078 192.312 l 221.867 191.832 l 221.574 191.301 l 
221.484 191.168 l 221.191 190.766 l 220.891 190.41 l 220.723 190.23 l 
220.297 189.84 l 220.121 189.699 l 219.703 189.395 l 219.332 189.164 l 
219.109 189.039 l 218.516 188.758 l 218.184 188.633 l 217.922 188.539 l 
217.328 188.383 l 216.734 188.27 l 216.141 188.207 l 215.547 188.191 l 
214.953 188.223 l 214.355 188.305 l 213.762 188.434 l 213.172 188.609 l f
0.45098 0.0588235 0.184314 rg
213.172 186.953 m 213.762 186.816 l 214.355 186.715 l 214.953 186.652 l 
215.547 186.625 l 216.141 186.637 l 216.734 186.688 l 217.328 186.773 l 
217.922 186.898 l 218.395 187.031 l 218.516 187.066 l 219.109 187.281 l 
219.703 187.539 l 219.75 187.562 l 220.297 187.859 l 220.68 188.098 l 
220.891 188.238 l 221.41 188.633 l 221.484 188.695 l 222 189.164 l 
222.078 189.246 l 222.484 189.699 l 222.676 189.938 l 222.891 190.23 l 
223.23 190.766 l 223.266 190.832 l 223.508 191.301 l 223.734 191.832 l 
223.863 192.207 l 223.914 192.367 l 224.043 192.898 l 224.129 193.434 l 
224.172 193.969 l 224.176 194.5 l 224.141 195.035 l 224.059 195.566 l 
223.941 196.102 l 223.863 196.359 l 223.773 196.633 l 223.555 197.168 l 
223.289 197.703 l 223.266 197.738 l 222.961 198.234 l 222.676 198.633 l 
222.566 198.77 l 222.102 199.301 l 222.078 199.324 l 221.531 199.836 l 
221.484 199.875 l 220.891 200.332 l 220.836 200.371 l 220.297 200.707 l 
219.945 200.902 l 219.703 201.027 l 219.109 201.285 l 218.707 201.438 l 
218.516 201.504 l 217.922 201.668 l 217.328 201.797 l 216.734 201.883 l 
216.141 201.934 l 215.547 201.945 l 214.953 201.922 l 214.355 201.855 l 
213.762 201.754 l 213.172 201.613 l 212.59 201.438 l 212.574 201.43 l 
211.98 201.195 l 211.387 200.922 l 211.355 200.902 l 210.793 200.578 l 
210.477 200.371 l 210.199 200.172 l 209.777 199.836 l 209.605 199.684 l 
209.211 199.301 l 209.012 199.09 l 208.742 198.77 l 208.418 198.34 l 
208.344 198.234 l 208.02 197.703 l 207.824 197.32 l 207.75 197.168 l 
207.539 196.633 l 207.367 196.102 l 207.242 195.566 l 207.23 195.484 l 
207.164 195.035 l 207.129 194.5 l 207.133 193.969 l 207.176 193.434 l 
207.23 193.098 l 207.262 192.898 l 207.398 192.367 l 207.574 191.832 l 
207.797 191.301 l 207.824 191.246 l 208.078 190.766 l 208.414 190.23 l 
208.418 190.227 l 208.824 189.699 l 209.012 189.48 l 209.312 189.164 l 
209.605 188.887 l 209.898 188.633 l 210.199 188.398 l 210.625 188.098 l 
210.793 187.988 l 211.387 187.652 l 211.562 187.562 l 211.98 187.371 l 
212.574 187.141 l 212.918 187.031 l h
213.82 187.562 m 213.762 187.574 l 213.172 187.738 l 212.574 187.945 l 
212.211 188.098 l 211.98 188.203 l 211.387 188.523 l 211.215 188.633 l 
210.793 188.922 l 210.477 189.164 l 210.199 189.402 l 209.891 189.699 l 
209.605 190.004 l 209.414 190.23 l 209.02 190.766 l 209.012 190.777 l 
208.707 191.301 l 208.449 191.832 l 208.418 191.91 l 208.254 192.367 l 
208.109 192.898 l 208.012 193.434 l 207.961 193.969 l 207.953 194.5 l 
207.996 195.035 l 208.086 195.566 l 208.223 196.102 l 208.406 196.633 l 
208.418 196.664 l 208.652 197.168 l 208.953 197.703 l 209.012 197.789 l 
209.332 198.234 l 209.605 198.57 l 209.785 198.77 l 210.199 199.172 l 
210.348 199.301 l 210.793 199.652 l 211.055 199.836 l 211.387 200.047 l 
211.977 200.371 l 211.98 200.371 l 212.574 200.629 l 213.172 200.836 l 
213.406 200.902 l 213.762 200.996 l 214.355 201.105 l 214.953 201.176 l 
215.547 201.203 l 216.141 201.191 l 216.734 201.137 l 217.328 201.039 l 
217.922 200.902 l 218.516 200.711 l 219.109 200.473 l 219.324 200.371 l 
219.703 200.172 l 220.258 199.836 l 220.297 199.809 l 220.891 199.363 l 
220.965 199.301 l 221.484 198.809 l 221.523 198.77 l 221.98 198.234 l 
222.078 198.102 l 222.352 197.703 l 222.66 197.168 l 222.676 197.145 l 
222.898 196.633 l 223.086 196.102 l 223.227 195.566 l 223.266 195.332 l 
223.316 195.035 l 223.355 194.5 l 223.352 193.969 l 223.301 193.434 l 
223.266 193.238 l 223.203 192.898 l 223.055 192.367 l 222.855 191.832 l 
222.676 191.438 l 222.605 191.301 l 222.285 190.766 l 222.078 190.473 l 
221.895 190.23 l 221.484 189.762 l 221.422 189.699 l 220.891 189.211 l 
220.836 189.164 l 220.297 188.766 l 220.09 188.633 l 219.703 188.402 l 
219.109 188.098 l 218.516 187.863 l 217.922 187.676 l 217.477 187.562 l 
217.328 187.531 l 216.734 187.438 l 216.141 187.383 l 215.547 187.367 l 
214.953 187.395 l 214.355 187.465 l f
0.458824 0.0705882 0.196078 rg
214.953 185.965 m 215.547 185.941 l 216.141 185.949 l 216.32 185.965 l 
216.734 185.996 l 217.328 186.078 l 217.922 186.195 l 218.516 186.348 l 
218.988 186.496 l 219.109 186.539 l 219.703 186.777 l 220.246 187.031 l 
220.297 187.059 l 220.891 187.395 l 221.156 187.562 l 221.484 187.793 l 
221.883 188.098 l 222.078 188.262 l 222.48 188.633 l 222.676 188.824 l 
222.984 189.164 l 223.266 189.508 l 223.41 189.699 l 223.773 190.23 l 
223.863 190.383 l 224.074 190.766 l 224.324 191.301 l 224.457 191.629 l 
224.531 191.832 l 224.691 192.367 l 224.809 192.898 l 224.891 193.434 l 
224.934 193.969 l 224.938 194.5 l 224.902 195.035 l 224.828 195.566 l 
224.715 196.102 l 224.562 196.633 l 224.457 196.938 l 224.367 197.168 l 
224.121 197.703 l 223.863 198.188 l 223.836 198.234 l 223.48 198.77 l 
223.266 199.055 l 223.066 199.301 l 222.676 199.742 l 222.582 199.836 l 
222.078 200.305 l 222.004 200.371 l 221.484 200.773 l 221.301 200.902 l 
220.891 201.168 l 220.43 201.438 l 220.297 201.508 l 219.703 201.789 l 
219.258 201.969 l 219.109 202.027 l 218.516 202.215 l 217.922 202.371 l 
217.328 202.488 l 217.23 202.504 l 216.734 202.566 l 216.141 202.613 l 
215.547 202.621 l 214.953 202.602 l 214.355 202.543 l 214.086 202.504 l 
213.762 202.449 l 213.172 202.32 l 212.574 202.152 l 212.043 201.969 l 
211.98 201.945 l 211.387 201.691 l 210.875 201.438 l 210.793 201.395 l 
210.199 201.035 l 210.004 200.902 l 209.605 200.613 l 209.305 200.371 l 
209.012 200.113 l 208.723 199.836 l 208.418 199.512 l 208.234 199.301 l 
207.824 198.773 l 207.82 198.77 l 207.477 198.234 l 207.23 197.797 l 
207.18 197.703 l 206.941 197.168 l 206.742 196.633 l 206.637 196.273 l 
206.586 196.102 l 206.477 195.566 l 206.406 195.035 l 206.371 194.5 l 
206.375 193.969 l 206.414 193.434 l 206.496 192.898 l 206.609 192.367 l 
206.637 192.285 l 206.773 191.832 l 206.98 191.301 l 207.227 190.766 l 
207.23 190.766 l 207.535 190.23 l 207.824 189.797 l 207.891 189.699 l 
208.316 189.164 l 208.418 189.055 l 208.824 188.633 l 209.012 188.453 l 
209.422 188.098 l 209.605 187.953 l 210.145 187.562 l 210.199 187.527 l 
210.793 187.176 l 211.066 187.031 l 211.387 186.875 l 211.98 186.621 l 
212.324 186.496 l 212.574 186.41 l 213.172 186.246 l 213.762 186.117 l 
214.355 186.023 l 214.938 185.965 l h
212.918 187.031 m 212.574 187.141 l 211.98 187.371 l 211.562 187.562 l 
211.387 187.652 l 210.793 187.988 l 210.625 188.098 l 210.199 188.398 l 
209.898 188.633 l 209.605 188.887 l 209.312 189.164 l 209.012 189.48 l 
208.824 189.699 l 208.418 190.227 l 208.414 190.23 l 208.078 190.766 l 
207.824 191.246 l 207.797 191.301 l 207.574 191.832 l 207.398 192.367 l 
207.262 192.898 l 207.23 193.098 l 207.176 193.434 l 207.133 193.969 l 
207.129 194.5 l 207.164 195.035 l 207.23 195.484 l 207.242 195.566 l 
207.367 196.102 l 207.539 196.633 l 207.75 197.168 l 207.824 197.32 l 
208.02 197.703 l 208.344 198.234 l 208.418 198.34 l 208.742 198.77 l 
209.012 199.09 l 209.211 199.301 l 209.605 199.684 l 209.777 199.836 l 
210.199 200.172 l 210.477 200.371 l 210.793 200.578 l 211.355 200.902 l 
211.387 200.922 l 211.98 201.195 l 212.574 201.43 l 212.59 201.438 l 
213.172 201.613 l 213.762 201.754 l 214.355 201.855 l 214.953 201.922 l 
215.547 201.945 l 216.141 201.934 l 216.734 201.883 l 217.328 201.797 l 
217.922 201.668 l 218.516 201.504 l 218.707 201.438 l 219.109 201.285 l 
219.703 201.027 l 219.945 200.902 l 220.297 200.707 l 220.836 200.371 l 
220.891 200.332 l 221.484 199.875 l 221.531 199.836 l 222.078 199.324 l 
222.102 199.301 l 222.566 198.77 l 222.676 198.633 l 222.961 198.234 l 
223.266 197.738 l 223.289 197.703 l 223.555 197.168 l 223.773 196.633 l 
223.863 196.359 l 223.941 196.102 l 224.059 195.566 l 224.141 195.035 l 
224.176 194.5 l 224.172 193.969 l 224.129 193.434 l 224.043 192.898 l 
223.914 192.367 l 223.863 192.207 l 223.734 191.832 l 223.508 191.301 l 
223.266 190.832 l 223.23 190.766 l 222.891 190.23 l 222.676 189.938 l 
222.484 189.699 l 222.078 189.246 l 222 189.164 l 221.484 188.695 l 
221.41 188.633 l 220.891 188.238 l 220.68 188.098 l 220.297 187.859 l 
219.75 187.562 l 219.703 187.539 l 219.109 187.281 l 218.516 187.066 l 
218.395 187.031 l 217.922 186.898 l 217.328 186.773 l 216.734 186.688 l 
216.141 186.637 l 215.547 186.625 l 214.953 186.652 l 214.355 186.715 l 
213.762 186.816 l 213.172 186.953 l f
0.470588 0.0823529 0.207843 rg
214.355 185.379 m 214.953 185.324 l 215.547 185.305 l 216.141 185.316 l 
216.734 185.355 l 217.328 185.43 l 217.336 185.43 l 217.922 185.539 l 
218.516 185.684 l 219.109 185.859 l 219.41 185.965 l 219.703 186.074 l 
220.297 186.336 l 220.629 186.496 l 220.891 186.637 l 221.484 186.988 l 
221.547 187.031 l 222.078 187.406 l 222.281 187.562 l 222.676 187.895 l 
222.898 188.098 l 223.266 188.469 l 223.418 188.633 l 223.863 189.156 l 
223.867 189.164 l 224.246 189.699 l 224.457 190.035 l 224.574 190.23 l 
224.848 190.766 l 225.051 191.223 l 225.082 191.301 l 225.266 191.832 l 
225.418 192.367 l 225.527 192.898 l 225.605 193.434 l 225.645 193.969 l 
225.645 194.547 l 225.613 195.035 l 225.543 195.566 l 225.438 196.102 l 
225.297 196.633 l 225.117 197.168 l 225.051 197.336 l 224.891 197.703 l 
224.625 198.234 l 224.457 198.527 l 224.309 198.77 l 223.938 199.301 l 
223.863 199.402 l 223.504 199.836 l 223.266 200.094 l 222.996 200.371 l 
222.676 200.668 l 222.398 200.902 l 222.078 201.152 l 221.688 201.438 l 
221.484 201.57 l 220.891 201.926 l 220.812 201.969 l 220.297 202.227 l 
219.703 202.488 l 219.668 202.504 l 219.109 202.703 l 218.516 202.883 l 
217.922 203.023 l 217.859 203.035 l 217.328 203.133 l 216.734 203.203 l 
216.141 203.246 l 215.547 203.258 l 214.953 203.234 l 214.355 203.184 l 
213.762 203.098 l 213.457 203.035 l 213.172 202.977 l 212.574 202.82 l 
211.98 202.629 l 211.645 202.504 l 211.387 202.398 l 210.793 202.125 l 
210.496 201.969 l 210.199 201.805 l 209.613 201.438 l 209.605 201.434 l 
209.012 200.992 l 208.902 200.902 l 208.418 200.477 l 208.309 200.371 l 
207.824 199.863 l 207.797 199.836 l 207.367 199.301 l 207.23 199.113 l 
206.996 198.77 l 206.676 198.234 l 206.637 198.156 l 206.414 197.703 l 
206.188 197.168 l 206.043 196.746 l 206.004 196.633 l 205.867 196.102 l 
205.762 195.566 l 205.691 195.035 l 205.66 194.5 l 205.664 193.969 l 
205.703 193.434 l 205.777 192.898 l 205.887 192.367 l 206.035 191.832 l 
206.043 191.809 l 206.227 191.301 l 206.457 190.766 l 206.637 190.41 l 
206.73 190.23 l 207.059 189.699 l 207.23 189.449 l 207.441 189.164 l 
207.824 188.699 l 207.883 188.633 l 208.402 188.098 l 208.418 188.086 l 
209.012 187.57 l 209.016 187.562 l 209.605 187.133 l 209.758 187.031 l 
210.199 186.758 l 210.672 186.496 l 210.793 186.434 l 211.387 186.164 l 
211.891 185.965 l 211.98 185.93 l 212.574 185.742 l 213.172 185.586 l 
213.762 185.465 l 213.992 185.43 l h
214.938 185.965 m 214.355 186.023 l 213.762 186.117 l 213.172 186.246 l 
212.574 186.41 l 212.324 186.496 l 211.98 186.621 l 211.387 186.875 l 
211.066 187.031 l 210.793 187.176 l 210.199 187.527 l 210.145 187.562 l 
209.605 187.953 l 209.422 188.098 l 209.012 188.453 l 208.824 188.633 l 
208.418 189.055 l 208.316 189.164 l 207.891 189.699 l 207.824 189.797 l 
207.535 190.23 l 207.23 190.766 l 207.227 190.766 l 206.98 191.301 l 
206.773 191.832 l 206.637 192.285 l 206.609 192.367 l 206.496 192.898 l 
206.414 193.434 l 206.375 193.969 l 206.371 194.5 l 206.406 195.035 l 
206.477 195.566 l 206.586 196.102 l 206.637 196.273 l 206.742 196.633 l 
206.941 197.168 l 207.18 197.703 l 207.23 197.797 l 207.477 198.234 l 
207.82 198.77 l 207.824 198.773 l 208.234 199.301 l 208.418 199.512 l 
208.723 199.836 l 209.012 200.113 l 209.305 200.371 l 209.605 200.613 l 
210.004 200.902 l 210.199 201.035 l 210.793 201.395 l 210.875 201.438 l 
211.387 201.691 l 211.98 201.945 l 212.043 201.969 l 212.574 202.152 l 
213.172 202.32 l 213.762 202.449 l 214.086 202.504 l 214.355 202.543 l 
214.953 202.602 l 215.547 202.621 l 216.141 202.613 l 216.734 202.566 l 
217.23 202.504 l 217.328 202.488 l 217.922 202.371 l 218.516 202.215 l 
219.109 202.027 l 219.258 201.969 l 219.703 201.789 l 220.297 201.508 l 
220.43 201.438 l 220.891 201.168 l 221.301 200.902 l 221.484 200.773 l 
222.004 200.371 l 222.078 200.305 l 222.582 199.836 l 222.676 199.742 l 
223.066 199.301 l 223.266 199.055 l 223.48 198.77 l 223.836 198.234 l 
223.863 198.188 l 224.121 197.703 l 224.367 197.168 l 224.457 196.938 l 
224.562 196.633 l 224.715 196.102 l 224.828 195.566 l 224.902 195.035 l 
224.938 194.5 l 224.934 193.969 l 224.891 193.434 l 224.809 192.898 l 
224.691 192.367 l 224.531 191.832 l 224.457 191.629 l 224.324 191.301 l 
224.074 190.766 l 223.863 190.383 l 223.773 190.23 l 223.41 189.699 l 
223.266 189.508 l 222.984 189.164 l 222.676 188.824 l 222.48 188.633 l 
222.078 188.262 l 221.883 188.098 l 221.484 187.793 l 221.156 187.562 l 
220.891 187.395 l 220.297 187.059 l 220.246 187.031 l 219.703 186.777 l 
219.109 186.539 l 218.988 186.496 l 218.516 186.348 l 217.922 186.195 l 
217.328 186.078 l 216.734 185.996 l 216.32 185.965 l 216.141 185.949 l 
215.547 185.941 l 214.953 185.965 l f
0.478431 0.0901961 0.219608 rg
213.762 184.852 m 214.355 184.773 l 214.953 184.727 l 215.547 184.703 l 
216.141 184.715 l 216.734 184.754 l 217.328 184.82 l 217.781 184.898 l 
217.922 184.922 l 218.516 185.055 l 219.109 185.223 l 219.703 185.422 l 
219.73 185.43 l 220.297 185.66 l 220.891 185.938 l 220.941 185.965 l 
221.484 186.266 l 221.863 186.496 l 222.078 186.641 l 222.621 187.031 l 
222.676 187.07 l 223.258 187.562 l 223.266 187.574 l 223.797 188.098 l 
223.863 188.168 l 224.262 188.633 l 224.457 188.883 l 224.664 189.164 l 
225.016 189.699 l 225.051 189.758 l 225.312 190.23 l 225.57 190.766 l 
225.645 190.941 l 225.785 191.301 l 225.957 191.832 l 226.098 192.367 l 
226.203 192.898 l 226.238 193.156 l 226.273 193.434 l 226.309 193.969 l 
226.312 194.5 l 226.281 195.035 l 226.238 195.406 l 226.219 195.566 l 
226.117 196.102 l 225.984 196.633 l 225.816 197.168 l 225.645 197.617 l 
225.609 197.703 l 225.359 198.234 l 225.07 198.77 l 225.051 198.805 l 
224.727 199.301 l 224.457 199.68 l 224.336 199.836 l 223.883 200.371 l 
223.352 200.902 l 223.266 200.98 l 222.734 201.438 l 222.676 201.484 l 
222.078 201.922 l 222.004 201.969 l 221.484 202.293 l 221.109 202.504 l 
220.891 202.617 l 220.297 202.898 l 219.957 203.035 l 219.703 203.137 l 
219.109 203.336 l 218.516 203.504 l 218.223 203.57 l 217.922 203.637 l 
217.328 203.734 l 216.734 203.805 l 216.141 203.844 l 215.547 203.852 l 
214.953 203.832 l 214.355 203.781 l 213.762 203.703 l 213.172 203.594 l 
213.07 203.57 l 212.574 203.449 l 211.98 203.27 l 211.387 203.059 l 
211.336 203.035 l 210.793 202.801 l 210.199 202.512 l 210.188 202.504 l 
209.605 202.164 l 209.301 201.969 l 209.012 201.77 l 208.566 201.438 l 
208.418 201.312 l 207.953 200.902 l 207.824 200.781 l 207.426 200.371 l 
207.23 200.148 l 206.969 199.836 l 206.637 199.391 l 206.574 199.301 l 
206.234 198.77 l 206.043 198.426 l 205.941 198.234 l 205.695 197.703 l 
205.484 197.168 l 205.449 197.055 l 205.316 196.633 l 205.184 196.102 l 
205.09 195.566 l 205.023 195.035 l 204.992 194.5 l 204.996 193.969 l 
205.031 193.434 l 205.102 192.898 l 205.207 192.367 l 205.344 191.832 l 
205.449 191.508 l 205.52 191.301 l 205.734 190.766 l 205.988 190.23 l 
206.043 190.133 l 206.289 189.699 l 206.633 189.164 l 206.637 189.164 l 
207.043 188.633 l 207.23 188.41 l 207.512 188.098 l 207.824 187.781 l 
208.051 187.562 l 208.418 187.246 l 208.688 187.031 l 209.012 186.789 l 
209.441 186.496 l 209.605 186.391 l 210.199 186.051 l 210.367 185.965 l 
210.793 185.758 l 211.387 185.504 l 211.578 185.43 l 211.98 185.289 l 
212.574 185.109 l 213.172 184.965 l 213.527 184.898 l h
213.992 185.43 m 213.762 185.465 l 213.172 185.586 l 212.574 185.742 l 
211.98 185.93 l 211.891 185.965 l 211.387 186.164 l 210.793 186.434 l 
210.672 186.496 l 210.199 186.758 l 209.758 187.031 l 209.605 187.133 l 
209.016 187.562 l 209.012 187.57 l 208.418 188.086 l 208.402 188.098 l 
207.883 188.633 l 207.824 188.699 l 207.441 189.164 l 207.23 189.449 l 
207.059 189.699 l 206.73 190.23 l 206.637 190.41 l 206.457 190.766 l 
206.227 191.301 l 206.043 191.809 l 206.035 191.832 l 205.887 192.367 l 
205.777 192.898 l 205.703 193.434 l 205.664 193.969 l 205.66 194.5 l 
205.691 195.035 l 205.762 195.566 l 205.867 196.102 l 206.004 196.633 l 
206.043 196.746 l 206.188 197.168 l 206.414 197.703 l 206.637 198.156 l 
206.676 198.234 l 206.996 198.77 l 207.23 199.113 l 207.367 199.301 l 
207.797 199.836 l 207.824 199.863 l 208.309 200.371 l 208.418 200.477 l 
208.902 200.902 l 209.012 200.992 l 209.605 201.434 l 209.613 201.438 l 
210.199 201.805 l 210.496 201.969 l 210.793 202.125 l 211.387 202.398 l 
