 -0.604864402776E-17 -0.653496418727E-03 -0.210983002091E-01  0.340389498370E-03  0.355735332951E-02  0.149383568776E-02 -0.120949528489E-02 -0.256389438025E-02
  0.653496418727E-03 -0.207758144129E-16  0.514786682875E-02  0.121616203068E-01 -0.213669817147E-02 -0.480186419317E-02 -0.166078875580E-02  0.206602646776E-02
  0.210983002091E-01 -0.514786682875E-02  0.104465718431E-17 -0.750983528895E-03  0.628492078514E-04  0.375391848822E-03 -0.318280278498E-04 -0.952092865561E-04
 -0.340389498370E-03 -0.121616203068E-01  0.750983528895E-03 -0.259191031027E-18 -0.111240872209E-04  0.116518126260E-03  0.112251867872E-03  0.375044605851E-05
 -0.355735332951E-02  0.213669817147E-02 -0.628492078514E-04  0.111240872209E-04  0.104796373656E-19 -0.347646994711E-04  0.132026338239E-04  0.390962534155E-05
 -0.149383568776E-02  0.480186419317E-02 -0.375391848822E-03 -0.116518126260E-03  0.347646994711E-04  0.125435659460E-18 -0.161481014368E-04 -0.272461909430E-04
  0.120949528489E-02  0.166078875580E-02  0.318280278498E-04 -0.112251867872E-03 -0.132026338239E-04  0.161481014368E-04 -0.557047390756E-19  0.452677414133E-05
  0.256389438025E-02 -0.206602646776E-02  0.952092865561E-04 -0.375044605851E-05 -0.390962534155E-05  0.272461909430E-04 -0.452677414133E-05  0.759786208573E-20
