 -0.302926884375E-17 -0.237967828986E-02  0.275200495255E-01 -0.946344123878E-02 -0.511260755821E-02  0.104047427559E-01 -0.608648984588E-02  0.194608910241E-02
  0.237967828986E-02 -0.306648593695E-16  0.682401217277E-02 -0.205683349308E-01  0.145766156187E-01 -0.734399935312E-02  0.526864372319E-02  0.238188750933E-02
 -0.275200495255E-01 -0.682401217277E-02  0.459770348538E-17  0.148457606920E-01 -0.974184279995E-02  0.825204228350E-03 -0.380096794541E-02 -0.144007146952E-02
  0.946344123878E-02  0.205683349308E-01 -0.148457606920E-01 -0.460783058557E-18  0.193288556613E-02  0.567028284411E-03  0.737831442790E-03  0.121788846070E-02
  0.511260755821E-02 -0.145766156187E-01  0.974184279995E-02 -0.193288556613E-02  0.182287803385E-18 -0.227014415071E-03  0.347526317451E-04 -0.550868424408E-03
 -0.104047427559E-01  0.734399935312E-02 -0.825204228350E-03 -0.567028284411E-03  0.227014415071E-03 -0.132285246207E-18 -0.223711763951E-03  0.230363985386E-03
  0.608648984588E-02 -0.526864372319E-02  0.380096794541E-02 -0.737831442790E-03 -0.347526317451E-04  0.223711763951E-03  0.881057716361E-18 -0.255839710253E-03
 -0.194608910241E-02 -0.238188750933E-02  0.144007146952E-02 -0.121788846070E-02  0.550868424408E-03 -0.230363985386E-03  0.255839710253E-03  0.527855317810E-18
