  0.844423380559E-17  0.845202555794E-02 -0.874189813605E-02  0.344465242748E-02  0.112048920699E-02  0.104260869602E-01 -0.975127647883E-02  0.518484955875E-02
 -0.845202555794E-02 -0.148104218038E-15 -0.135598138451E-02 -0.986065811096E-02  0.100351816373E-01 -0.625104059003E-02 -0.323496974011E-02  0.345887927388E-03
  0.874189813605E-02  0.135598138451E-02 -0.457466322334E-16  0.121760479498E-01 -0.877483725136E-02 -0.409706232273E-03  0.177359258984E-02  0.152975748536E-02
 -0.344465242748E-02  0.986065811096E-02 -0.121760479498E-01  0.108897137417E-15  0.277711449220E-02 -0.847131542961E-03 -0.110597107044E-02  0.860690908487E-03
 -0.112048920699E-02 -0.100351816373E-01  0.877483725136E-02 -0.277711449220E-02  0.416354811428E-17  0.393025988341E-03  0.682041969130E-03 -0.712986817527E-03
 -0.104260869602E-01  0.625104059003E-02  0.409706232273E-03  0.847131542961E-03 -0.393025988341E-03 -0.744440790617E-17 -0.697137686808E-03  0.387202083390E-03
  0.975127647883E-02  0.323496974011E-02 -0.177359258984E-02  0.110597107044E-02 -0.682041969130E-03  0.697137686808E-03 -0.327582161654E-17 -0.502304572873E-03
 -0.518484955875E-02 -0.345887927387E-03 -0.152975748536E-02 -0.860690908487E-03  0.712986817527E-03 -0.387202083390E-03  0.502304572873E-03 -0.476233525535E-17
