  0.854918816487     -0.338219795726      0.482674824393E-01  0.346606562974E-01  0.778527179096E-02 -0.203733438948E-02 -0.128932431311E-01  0.113250877234E-01
 -0.338219795726      0.133956053932     -0.189619241720E-01 -0.139253924974E-01 -0.328592384182E-02  0.108764024660E-02  0.511443115869E-02 -0.457797735706E-02
  0.482674824393E-01 -0.189619241720E-01  0.418173190902E-02  0.234234926285E-02 -0.471729002959E-03  0.136426515230E-02 -0.121804797788E-02  0.612668262484E-03
  0.346606562974E-01 -0.139253924974E-01  0.234234926285E-02  0.344118082110E-02  0.706570955645E-03 -0.225827700447E-03 -0.125843315949E-02  0.110903802659E-02
  0.778527179096E-02 -0.328592384182E-02 -0.471729002959E-03  0.706570955645E-03  0.863540663602E-03 -0.114870408233E-02 -0.140472410076E-05  0.338733877315E-03
 -0.203733438948E-02  0.108764024660E-02  0.136426515230E-02 -0.225827700447E-03 -0.114870408233E-02  0.171117244360E-02 -0.313454299008E-03 -0.243576041063E-03
 -0.128932431311E-01  0.511443115869E-02 -0.121804797788E-02 -0.125843315949E-02 -0.140472410076E-05 -0.313454299008E-03  0.552734056014E-03 -0.365721143300E-03
  0.113250877234E-01 -0.457797735706E-02  0.612668262484E-03  0.110903802659E-02  0.338733877315E-03 -0.243576041063E-03 -0.365721143300E-03  0.374769687942E-03
