  0.652679593693E-18  0.239101147351E-02  0.753061103532E-03  0.227705209857E-02 -0.276526888020E-02  0.226919143881E-02 -0.480686347447E-03 -0.149412333341E-02
 -0.239101147351E-02  0.444193032371E-19 -0.207679368893E-03 -0.275714821431E-03  0.442795720703E-03 -0.349618929979E-03  0.568021303952E-04  0.214829315101E-03
 -0.753061103532E-03  0.207679368893E-03  0.445875581736E-20  0.184884287232E-04 -0.290635231481E-04  0.203133136122E-04  0.405646370679E-07 -0.161724905760E-04
 -0.227705209857E-02  0.275714821431E-03 -0.184884287232E-04 -0.603848272121E-20  0.230467903746E-04 -0.148588206890E-04  0.311291771474E-05 -0.132092085724E-06
  0.276526888020E-02 -0.442795720703E-03  0.290635231481E-04 -0.230467903746E-04 -0.677693494253E-20 -0.321487260920E-05  0.316296480885E-06  0.143827580928E-04
 -0.226919143881E-02  0.349618929979E-03 -0.203133136122E-04  0.148588206890E-04  0.321487260920E-05 -0.373899858898E-22  0.517333553286E-06 -0.994963716410E-05
  0.480686347447E-03 -0.568021303952E-04 -0.405646370680E-07 -0.311291771474E-05 -0.316296480885E-06 -0.517333553286E-06  0.701062235434E-21  0.239288837406E-05
  0.149412333341E-02 -0.214829315101E-03  0.161724905760E-04  0.132092085724E-06 -0.143827580928E-04  0.994963716410E-05 -0.239288837406E-05  0.118479517788E-20
