  0.433000726704     -0.162902026180     -0.667308628759E-01  0.481343016176E-01 -0.954463346449E-02 -0.237983701271E-02  0.105872812583E-01 -0.329885641208E-02
 -0.162902026180      0.328080829643     -0.563898552607E-01 -0.806424658379E-01  0.589682326213E-01 -0.284424900861E-01  0.340561411005E-02  0.626216772307E-02
 -0.667308628759E-01 -0.563898552607E-01  0.993817697868E-01 -0.540283425314E-01  0.184593154171E-01  0.238602778002E-02  0.133418130307E-02 -0.483951556991E-02
  0.481343016176E-01 -0.806424658379E-01 -0.540283425314E-01  0.942722672703E-01 -0.508682334140E-01  0.148754478642E-01 -0.899959812797E-02  0.444406968815E-02
 -0.954463346449E-02  0.589682326213E-01  0.184593154171E-01 -0.508682334140E-01  0.323738470327E-01 -0.101101350159E-01  0.272174167963E-02 -0.262881257549E-04
 -0.237983701271E-02 -0.284424900861E-01  0.238602778002E-02  0.148754478642E-01 -0.101101350159E-01  0.592513372269E-02 -0.192177665552E-02 -0.289518104208E-03
  0.105872812583E-01  0.340561411005E-02  0.133418130307E-02 -0.899959812797E-02  0.272174167963E-02 -0.192177665552E-02  0.470640085499E-02 -0.278907989794E-02
 -0.329885641208E-02  0.626216772307E-02 -0.483951556991E-02  0.444406968815E-02 -0.262881257549E-04 -0.289518104208E-03 -0.278907989794E-02  0.225902498630E-02
