  0.737465231762     -0.272558482792      0.254584518168E-01  0.634971679513E-03 -0.347338264824E-02  0.351369523981E-02 -0.542705892663E-02  0.235182392652E-02
 -0.272558482792      0.239814578335      0.297024293123E-02 -0.788113070207E-02 -0.131965391456E-02 -0.662384470666E-03  0.179962442370E-02 -0.136177709466E-02
  0.254584518168E-01  0.297024293123E-02  0.175017316426E-01 -0.845775340006E-02  0.326898087687E-03  0.797588803920E-03 -0.319229831215E-03 -0.481106861613E-04
  0.634971679512E-03 -0.788113070207E-02 -0.845775340006E-02  0.486329462308E-02 -0.461135392529E-03 -0.363257454530E-03  0.101375399677E-03  0.871356449683E-04
 -0.347338264824E-02 -0.131965391456E-02  0.326898087687E-03 -0.461135392529E-03  0.236687804189E-03  0.371742740415E-05  0.166748011311E-05 -0.102807425800E-04
  0.351369523981E-02 -0.662384470666E-03  0.797588803920E-03 -0.363257454530E-03  0.371742740415E-05  0.566703872358E-04 -0.386098444690E-04  0.241531497113E-05
 -0.542705892663E-02  0.179962442370E-02 -0.319229831215E-03  0.101375399677E-03  0.166748011311E-05 -0.386098444690E-04  0.507982491497E-04 -0.146612731657E-04
  0.235182392652E-02 -0.136177709466E-02 -0.481106861613E-04  0.871356449683E-04 -0.102807425800E-04  0.241531497113E-05 -0.146612731657E-04  0.110071970773E-04
