  0.423194460524E-17  0.223667432881E-01 -0.116449780706E-01 -0.325783620668E-02 -0.595192171564E-04  0.116677449173E-01 -0.775450880258E-02  0.221232146693E-02
 -0.223667432881E-01  0.570710102985E-16 -0.673856013976E-02  0.225367918263E-02  0.100952150146E-01 -0.862270614034E-02 -0.538377476875E-03 -0.211921226306E-02
  0.116449780706E-01  0.673856013976E-02 -0.160524884148E-16  0.903136511592E-02 -0.651329006922E-02 -0.182298299020E-02  0.213976225657E-02  0.186857746146E-02
  0.325783620668E-02 -0.225367918263E-02 -0.903136511592E-02 -0.149865263147E-16  0.423691397488E-02 -0.322540343228E-02  0.391735847103E-03 -0.295249296364E-04
  0.595192171564E-04 -0.100952150146E-01  0.651329006922E-02 -0.423691397488E-02  0.917628219147E-17  0.136692416164E-02  0.220485528119E-03 -0.368503361350E-03
 -0.116677449173E-01  0.862270614034E-02  0.182298299020E-02  0.322540343228E-02 -0.136692416164E-02  0.145721523152E-16 -0.745417918265E-03  0.359452101015E-03
  0.775450880258E-02  0.538377476875E-03 -0.213976225657E-02 -0.391735847103E-03 -0.220485528119E-03  0.745417918265E-03  0.166650412836E-17 -0.185158939027E-03
 -0.221232146693E-02  0.211921226306E-02 -0.186857746146E-02  0.295249296364E-04  0.368503361350E-03 -0.359452101015E-03  0.185158939027E-03  0.633032290312E-18
