  0.888397433295E-16  0.143334845329E-01 -0.306959836170E-02 -0.171016937489E-01 -0.444771444444E-02 -0.731308316802E-02  0.100470938997E-02 -0.247937913622E-02
 -0.143334845329E-01  0.183137708561E-17 -0.817605558632E-02  0.616308769559E-02  0.168800635035E-01  0.868967308623E-02 -0.264632380716E-02 -0.397633968865E-02
  0.306959836170E-02  0.817605558632E-02 -0.795163690755E-16  0.217882849156E-01 -0.146091529616E-01  0.101794478273E-02 -0.418512369135E-02  0.984203146664E-03
  0.171016937489E-01 -0.616308769559E-02 -0.217882849156E-01  0.195216309661E-17  0.372267428626E-02 -0.299501713503E-02  0.229632691041E-02  0.750873173796E-03
  0.444771444444E-02 -0.168800635035E-01  0.146091529616E-01 -0.372267428626E-02  0.104463577076E-16  0.824524345478E-03 -0.103314934393E-02 -0.164051538146E-02
  0.731308316802E-02 -0.868967308623E-02 -0.101794478273E-02  0.299501713503E-02 -0.824524345478E-03  0.486408530760E-17  0.269672422753E-03  0.809252361779E-03
 -0.100470938996E-02  0.264632380716E-02  0.418512369135E-02 -0.229632691041E-02  0.103314934393E-02 -0.269672422753E-03  0.624169873029E-17 -0.137070499558E-02
  0.247937913622E-02  0.397633968865E-02 -0.984203146664E-03 -0.750873173796E-03  0.164051538146E-02 -0.809252361779E-03  0.137070499558E-02  0.160750470290E-17
