 -0.149944894320E-16  0.884884757449E-01 -0.649014412583E-01 -0.145256351733E-02  0.105352089489E-01 -0.438889869713E-03 -0.152937503460E-02  0.820445795269E-03
 -0.884884757449E-01  0.200924220848E-16 -0.157465089337E-01  0.195460620286E-01 -0.649690587489E-02  0.256011652909E-02  0.318170497640E-02 -0.170207659062E-02
  0.649014412583E-01  0.157465089337E-01 -0.247258797311E-16  0.151875517831E-02 -0.218845779265E-04 -0.207827253214E-03 -0.415370531585E-04 -0.141542521201E-03
  0.145256351733E-02 -0.195460620286E-01 -0.151875517831E-02  0.121011934895E-16  0.391376043643E-04 -0.379939717301E-04 -0.186115453261E-03  0.154973210204E-03
 -0.105352089489E-01  0.649690587489E-02  0.218845779265E-04 -0.391376043643E-04  0.279457643058E-18  0.628384853370E-04  0.413544437588E-04 -0.328093603800E-04
  0.438889869713E-03 -0.256011652909E-02  0.207827253214E-03  0.379939717301E-04 -0.628384853370E-04  0.534904038179E-21 -0.109796519413E-04  0.103299037835E-04
  0.152937503460E-02 -0.318170497640E-02  0.415370531585E-04  0.186115453261E-03 -0.413544437588E-04  0.109796519413E-04 -0.116074176285E-18  0.294934082522E-05
 -0.820445795269E-03  0.170207659062E-02  0.141542521201E-03 -0.154973210204E-03  0.328093603800E-04 -0.103299037835E-04 -0.294934082522E-05  0.210767049488E-19
