 -0.152567172564E-15  0.150812554782E-02 -0.133767040505E-01  0.146121979234E-01 -0.331328884188E-02 -0.500105756275E-02  0.375845960101E-02 -0.450732550681E-02
 -0.150812554782E-02 -0.163828796584E-15  0.182223261043E-01 -0.908181144026E-02  0.211265437517E-02 -0.208420524507E-02 -0.162222981853E-04  0.373511363372E-02
  0.133767040505E-01 -0.182223261043E-01 -0.778786261860E-16  0.389216866156E-02 -0.201353504487E-02 -0.504133150225E-04  0.821654200251E-03 -0.151794239343E-02
 -0.146121979234E-01  0.908181144026E-02 -0.389216866156E-02 -0.243154377314E-16 -0.695105585494E-03  0.153357180143E-02 -0.517321333502E-03 -0.694464093558E-04
  0.331328884188E-02 -0.211265437517E-02  0.201353504487E-02  0.695105585494E-03 -0.326679872959E-16 -0.147029078378E-02  0.694992900976E-03 -0.420224323730E-04
  0.500105756275E-02  0.208420524507E-02  0.504133150226E-04 -0.153357180143E-02  0.147029078378E-02 -0.394317415197E-16 -0.496663147067E-03  0.449445461897E-03
 -0.375845960101E-02  0.162222981854E-04 -0.821654200251E-03  0.517321333502E-03 -0.694992900976E-03  0.496663147067E-03 -0.869778471149E-17 -0.205525019225E-03
  0.450732550681E-02 -0.373511363372E-02  0.151794239343E-02  0.694464093559E-04  0.420224323730E-04 -0.449445461897E-03  0.205525019225E-03 -0.294732240653E-17
