  0.720530735313     -0.168985865656     -0.180632676049E-02  0.377932565110E-02  0.317696256848E-02  0.279565535064E-03 -0.119779241748E-02  0.371945655464E-02
 -0.168985865656      0.262763305239     -0.350254027138E-01 -0.320311504094E-02 -0.159671407947E-02 -0.356551559498E-02 -0.681595322625E-03 -0.962540887780E-03
 -0.180632676049E-02 -0.350254027138E-01  0.150558685526E-01 -0.161814207213E-02 -0.687332045949E-03  0.638833395588E-03 -0.245811468867E-04  0.151440158424E-03
  0.377932565110E-02 -0.320311504094E-02 -0.161814207213E-02  0.129729862926E-02 -0.106869323015E-03 -0.165431861896E-04  0.121580373597E-03 -0.183734224422E-04
  0.317696256848E-02 -0.159671407947E-02 -0.687332045949E-03 -0.106869323015E-03  0.210277497376E-03 -0.116064676610E-05 -0.188654754841E-04  0.102443079341E-04
  0.279565535064E-03 -0.356551559498E-02  0.638833395588E-03 -0.165431861896E-04 -0.116064676610E-05  0.949150195319E-04  0.151461035677E-04 -0.212310543243E-05
 -0.119779241748E-02 -0.681595322625E-03 -0.245811468867E-04  0.121580373597E-03 -0.188654754841E-04  0.151461035677E-04  0.216541895640E-04 -0.699073465279E-05
  0.371945655464E-02 -0.962540887780E-03  0.151440158424E-03 -0.183734224422E-04  0.102443079341E-04 -0.212310543243E-05 -0.699073465279E-05  0.259455596820E-04
