  0.675287826750     -0.169034584094     -0.261565273811E-01  0.947176924506E-02  0.386332449336E-02 -0.302278713554E-02 -0.775290150782E-03  0.705007446029E-03
 -0.169034584094      0.289306249639     -0.136532071560E-01  0.656351307962E-02 -0.752063082908E-02 -0.716413880420E-03  0.178523681517E-02  0.129028131827E-02
 -0.261565273811E-01 -0.136532071560E-01  0.309864076313E-01 -0.811991596164E-02 -0.182868196379E-02  0.243185850005E-03 -0.287872861897E-03  0.432019142481E-03
  0.947176924506E-02  0.656351307962E-02 -0.811991596164E-02  0.371385237580E-02  0.297515468490E-03 -0.131489958732E-03  0.121085515600E-03 -0.247984693468E-03
  0.386332449336E-02 -0.752063082908E-02 -0.182868196379E-02  0.297515468490E-03  0.601827901632E-03 -0.867487112349E-05  0.367547881883E-05 -0.103156501790E-03
 -0.302278713554E-02 -0.716413880420E-03  0.243185850005E-03 -0.131489958732E-03 -0.867487112349E-05  0.352838220371E-04 -0.172003466388E-04  0.306184717027E-06
 -0.775290150782E-03  0.178523681517E-02 -0.287872861897E-03  0.121085515600E-03  0.367547881883E-05 -0.172003466388E-04  0.225969895636E-04 -0.602342431399E-05
  0.705007446029E-03  0.129028131827E-02  0.432019142481E-03 -0.247984693468E-03 -0.103156501790E-03  0.306184717027E-06 -0.602342431399E-05  0.459548912358E-04
