  0.841791509125     -0.123674892976      0.332821089327E-02  0.942836979450E-03  0.146351909884E-03  0.840716190376E-03 -0.552211287198E-02  0.388638708164E-02
 -0.123674892976      0.132821949952     -0.135176761654E-01  0.267228013870E-02 -0.244382579192E-02 -0.279599230877E-02  0.219089910466E-02  0.940258117416E-04
  0.332821089327E-02 -0.135176761654E-01  0.229796399936E-01 -0.473050992102E-02 -0.599795947872E-03  0.787462357139E-03 -0.379823076014E-03 -0.974164099978E-05
  0.942836979450E-03  0.267228013870E-02 -0.473050992102E-02  0.202717311296E-02 -0.175305096636E-03 -0.153181253050E-03  0.126877051522E-03 -0.688715336293E-04
  0.146351909884E-03 -0.244382579192E-02 -0.599795947872E-03 -0.175305096636E-03  0.194745608960E-03  0.209352968256E-04 -0.512675290108E-04  0.659109669154E-05
  0.840716190376E-03 -0.279599230877E-02  0.787462357139E-03 -0.153181253050E-03  0.209352968256E-04  0.905308558375E-04 -0.381084855667E-04 -0.128754282655E-04
 -0.552211287198E-02  0.219089910466E-02 -0.379823076014E-03  0.126877051522E-03 -0.512675290108E-04 -0.381084855667E-04  0.662239986367E-04 -0.214959971861E-04
  0.388638708164E-02  0.940258117416E-04 -0.974164099978E-05 -0.688715336293E-04  0.659109669154E-05 -0.128754282655E-04 -0.214959971861E-04  0.282273530824E-04
