  0.377526739073     -0.299920479028      0.855334714179E-01 -0.157738838745E-01 -0.592582453404E-02  0.991199351365E-02 -0.120556560353E-02  0.237138757182E-02
 -0.299920479028      0.558757805564     -0.179487309121      0.142432256024E-01  0.349885627453E-02 -0.814102578901E-04 -0.461632689421E-02 -0.199016787399E-02
  0.855334714179E-01 -0.179487309121      0.591616256428E-01 -0.383470466435E-02 -0.110433233428E-02 -0.393852196593E-03  0.147279156654E-02  0.698116040595E-03
 -0.157738838745E-01  0.142432256024E-01 -0.383470466435E-02  0.174647834675E-02 -0.495671562711E-03  0.222725447687E-03 -0.657007273355E-04 -0.205276545339E-03
 -0.592582453404E-02  0.349885627453E-02 -0.110433233428E-02 -0.495671562711E-03  0.847519760618E-03 -0.356665491157E-03 -0.181271366093E-03  0.848108166299E-04
  0.991199351365E-02 -0.814102578902E-04 -0.393852196593E-03  0.222725447687E-03 -0.356665491157E-03  0.114899782618E-02 -0.357633487974E-03 -0.138663324909E-03
 -0.120556560353E-02 -0.461632689421E-02  0.147279156654E-02 -0.657007273356E-04 -0.181271366093E-03 -0.357633487974E-03  0.532391463843E-03 -0.213892240159E-03
  0.237138757182E-02 -0.199016787399E-02  0.698116040595E-03 -0.205276545339E-03  0.848108166299E-04 -0.138663324909E-03 -0.213892240159E-03  0.278442323230E-03
