 -0.188218165689E-16  0.708186008519E-03 -0.492234595570E-02  0.116810118698E-01  0.763833696797E-03 -0.661397228038E-02  0.644848977616E-02 -0.255396629693E-02
 -0.708186008519E-03 -0.601622021543E-16  0.155188056023E-01 -0.127687079805E-01  0.454201846504E-02 -0.406056476184E-02  0.257881443586E-02 -0.116564136295E-02
  0.492234595570E-02 -0.155188056023E-01 -0.636131962031E-17  0.539528652380E-02 -0.319453235699E-02  0.116335162196E-02 -0.231263568503E-02  0.247633239062E-02
 -0.116810118698E-01  0.127687079805E-01 -0.539528652380E-02 -0.428995860933E-16  0.844448123757E-03 -0.196415751481E-02  0.154861828959E-02 -0.145866703857E-03
 -0.763833696797E-03 -0.454201846504E-02  0.319453235699E-02 -0.844448123757E-03 -0.165280715135E-16  0.116270401367E-02 -0.100933544182E-02  0.692962533722E-05
  0.661397228038E-02  0.406056476183E-02 -0.116335162196E-02  0.196415751481E-02 -0.116270401367E-02 -0.513274607826E-16 -0.101658902763E-02  0.112708102352E-02
 -0.644848977616E-02 -0.257881443586E-02  0.231263568503E-02 -0.154861828959E-02  0.100933544182E-02  0.101658902763E-02 -0.398368903146E-16 -0.112542600500E-02
  0.255396629693E-02  0.116564136295E-02 -0.247633239062E-02  0.145866703857E-03 -0.692962533717E-05 -0.112708102352E-02  0.112542600500E-02 -0.302804384451E-16
