  0.766772040021     -0.301060053880     -0.107581378909E-02  0.108496479636E-02  0.220697124553E-02  0.129263124093E-02  0.196377172742E-03  0.507508760762E-02
 -0.301060053880      0.218859874559      0.831845989623E-02 -0.867290419071E-02 -0.243671880071E-02  0.157855570219E-02 -0.105984494152E-02 -0.269689214670E-02
 -0.107581378910E-02  0.831845989623E-02  0.899114932045E-02 -0.588524833718E-02  0.112013051906E-02  0.528202403065E-03 -0.334505461070E-03 -0.252937753832E-04
  0.108496479636E-02 -0.867290419071E-02 -0.588524833718E-02  0.469489469897E-02 -0.107483866792E-02 -0.414922716471E-03  0.206903859117E-03  0.363013474347E-04
  0.220697124553E-02 -0.243671880071E-02  0.112013051906E-02 -0.107483866792E-02  0.513800192727E-03  0.298574917475E-04 -0.281085466800E-04  0.358723921159E-04
  0.129263124093E-02  0.157855570219E-02  0.528202403065E-03 -0.414922716471E-03  0.298574917475E-04  0.817661432813E-04 -0.433564496580E-04 -0.123451927885E-04
  0.196377172743E-03 -0.105984494152E-02 -0.334505461070E-03  0.206903859117E-03 -0.281085466800E-04 -0.433564496580E-04  0.444995945954E-04  0.127874990639E-04
  0.507508760762E-02 -0.269689214670E-02 -0.252937753832E-04  0.363013474347E-04  0.358723921159E-04 -0.123451927885E-04  0.127874990639E-04  0.419754704867E-04
