  0.473211868996     -0.200306290907     -0.514159192876E-01  0.408464122638E-01 -0.561859624141E-02  0.541852090331E-02  0.195690497575E-01 -0.203388976585E-01
 -0.200306290907      0.304547528364     -0.102161781644     -0.236431452157E-01  0.431918533443E-01 -0.165413128126E-01 -0.133867896086E-01  0.157655115396E-01
 -0.514159192876E-01 -0.102161781644      0.127249264970     -0.465171044908E-01  0.255805432287E-02  0.477402061251E-03  0.136908695718E-02 -0.251011588434E-02
  0.408464122638E-01 -0.236431452157E-01 -0.465171044908E-01  0.543480383722E-01 -0.286921684216E-01  0.675995626206E-02 -0.871747047435E-03  0.134875732330E-02
 -0.561859624141E-02  0.431918533443E-01  0.255805432287E-02 -0.286921684216E-01  0.257153131654E-01 -0.545001579045E-02 -0.376767476304E-02  0.235399936900E-02
  0.541852090331E-02 -0.165413128126E-01  0.477402061251E-03  0.675995626206E-02 -0.545001579045E-02  0.435901263618E-02 -0.979373851414E-03 -0.743555616807E-03
  0.195690497575E-01 -0.133867896086E-01  0.136908695718E-02 -0.871747047435E-03 -0.376767476304E-02 -0.979373851414E-03  0.664450138113E-02 -0.450021839596E-02
 -0.203388976585E-01  0.157655115396E-01 -0.251011588434E-02  0.134875732330E-02  0.235399936900E-02 -0.743555616807E-03 -0.450021839596E-02  0.392447211474E-02
