  0.378828404017E-16  0.288478522095E-01 -0.297763473848E-02  0.907902432691E-02 -0.140857956155E-02 -0.621763349343E-02 -0.772139841576E-02  0.123605055453E-01
 -0.288478522095E-01 -0.692859325617E-16 -0.315289288139E-01  0.180700688008E-01 -0.482043844176E-02  0.511674327357E-02  0.349750271428E-02 -0.703186109024E-02
  0.297763473848E-02  0.315289288139E-01 -0.198497492217E-16 -0.170475049791E-02  0.394809724158E-03  0.716843030760E-03 -0.179934826605E-02  0.946277015404E-04
 -0.907902432691E-02 -0.180700688008E-01  0.170475049791E-02 -0.100468215457E-17  0.412177717759E-03  0.377333109033E-03  0.599982712274E-03 -0.374655199502E-03
  0.140857956155E-02  0.482043844176E-02 -0.394809724158E-03 -0.412177717759E-03 -0.177651090269E-17  0.113460819585E-03  0.315468123639E-04 -0.181618094333E-03
  0.621763349343E-02 -0.511674327357E-02 -0.716843030760E-03 -0.377333109033E-03 -0.113460819585E-03 -0.382802970782E-17  0.905149619270E-03 -0.421096367258E-03
  0.772139841576E-02 -0.349750271428E-02  0.179934826605E-02 -0.599982712274E-03 -0.315468123639E-04 -0.905149619270E-03 -0.416451291693E-17  0.718180216295E-03
 -0.123605055453E-01  0.703186109024E-02 -0.946277015404E-04  0.374655199502E-03  0.181618094333E-03  0.421096367258E-03 -0.718180216295E-03 -0.378562429221E-17
