  0.175880116588E-16  0.277643193734E-01 -0.519180431334E-01 -0.366247530609E-02  0.206522469457E-01 -0.368433211850E-03  0.151777215844E-02 -0.758095394584E-02
 -0.277643193734E-01  0.437622967258E-17 -0.172562554231E-01  0.229655587398E-01 -0.621984416741E-02  0.362455544416E-02 -0.330931067592E-03 -0.519697013046E-02
  0.519180431334E-01  0.172562554231E-01  0.304357673070E-16 -0.110976095351E-01 -0.510137489303E-03 -0.157365718124E-02 -0.415994305545E-02  0.647628373305E-02
  0.366247530609E-02 -0.229655587398E-01  0.110976095351E-01  0.193013095324E-16  0.159718418129E-02  0.500308271765E-03  0.302716901694E-02 -0.177273779495E-02
 -0.206522469457E-01  0.621984416741E-02  0.510137489303E-03 -0.159718418129E-02  0.113956071040E-17 -0.157747634259E-03 -0.461780455057E-03  0.327804694329E-03
  0.368433211850E-03 -0.362455544416E-02  0.157365718124E-02 -0.500308271765E-03  0.157747634259E-03  0.466903346623E-18  0.881037587431E-03  0.120057240047E-03
 -0.151777215844E-02  0.330931067592E-03  0.415994305545E-02 -0.302716901694E-02  0.461780455057E-03 -0.881037587431E-03  0.233847354114E-17  0.164091301292E-02
  0.758095394584E-02  0.519697013046E-02 -0.647628373305E-02  0.177273779495E-02 -0.327804694329E-03 -0.120057240047E-03 -0.164091301292E-02  0.178303661502E-17
