  0.585200298344E-17  0.165870583882E-01 -0.168871061978E-02  0.558895267582E-02 -0.652169509465E-02  0.130952162109E-02  0.143853983066E-02  0.160108441012E-02
 -0.165870583882E-01  0.203626001326E-17  0.242359474238E-03 -0.174810921564E-02  0.211142706662E-02 -0.395350071759E-03 -0.464000667661E-03 -0.563159383905E-03
  0.168871061978E-02 -0.242359474238E-03 -0.175299721159E-18  0.110298842500E-03 -0.127316068792E-03  0.241093152817E-04  0.263356784406E-04  0.359990486267E-04
 -0.558895267582E-02  0.174810921564E-02 -0.110298842500E-03  0.172494027799E-18  0.266116469792E-04  0.718755410985E-05 -0.623600331572E-05 -0.214327505439E-04
  0.652169509465E-02 -0.211142706662E-02  0.127316068792E-03 -0.266116469792E-04  0.276360796002E-18 -0.960150384492E-05 -0.164141605169E-05  0.185982968342E-04
 -0.130952162109E-02  0.395350071759E-03 -0.241093152817E-04 -0.718755410985E-05  0.960150384492E-05  0.121205953170E-19 -0.160306946665E-05 -0.750094901355E-05
 -0.143853983066E-02  0.464000667661E-03 -0.263356784406E-04  0.623600331572E-05  0.164141605169E-05  0.160306946665E-05  0.414611336337E-19 -0.379593489506E-05
 -0.160108441012E-02  0.563159383905E-03 -0.359990486267E-04  0.214327505439E-04 -0.185982968342E-04  0.750094901355E-05  0.379593489506E-05 -0.882390561854E-20
