  0.181752901750E-16  0.573350336461E-02 -0.114928566482E-01  0.102560611849E-01 -0.133326596552E-01 -0.296904036698E-02 -0.362358417499E-03  0.100329256594E-02
 -0.573350336461E-02 -0.126659218009E-16 -0.127903491262E-02 -0.158274144897E-01 -0.129112105928E-02  0.162944428849E-01 -0.349150747608E-02 -0.813957570309E-03
  0.114928566482E-01  0.127903491262E-02  0.457124402425E-16 -0.330935034823E-02  0.517856023633E-02 -0.120057422377E-02 -0.658703591434E-03  0.610243834881E-03
 -0.102560611849E-01  0.158274144897E-01  0.330935034823E-02 -0.205297661236E-17  0.136640430085E-02 -0.159603002373E-02  0.290070577433E-03  0.154240887882E-03
  0.133326596552E-01  0.129112105928E-02 -0.517856023633E-02 -0.136640430085E-02 -0.110014600565E-16  0.152516990051E-02 -0.427369183871E-03 -0.733964596534E-04
  0.296904036698E-02 -0.162944428849E-01  0.120057422377E-02  0.159603002373E-02 -0.152516990051E-02 -0.208752999540E-17  0.291543460841E-03 -0.184347596036E-03
  0.362358417499E-03  0.349150747608E-02  0.658703591434E-03 -0.290070577433E-03  0.427369183871E-03 -0.291543460841E-03 -0.189622224048E-20  0.627860904150E-04
 -0.100329256594E-02  0.813957570309E-03 -0.610243834881E-03 -0.154240887882E-03  0.733964596534E-04  0.184347596036E-03 -0.627860904150E-04  0.667628247168E-19
