  0.509459785235     -0.474514860619E-01 -0.196162680279      0.101316485203     -0.216181509526E-01 -0.698999742782E-02  0.246769072083E-02  0.289241533703E-02
 -0.474514860619E-01  0.269649760658     -0.123200681138      0.321560579956E-01 -0.459471997388E-02 -0.258911815320E-03 -0.393339272835E-03  0.152562244173E-02
 -0.196162680279     -0.123200681138      0.185486793970     -0.696469955660E-01  0.143873547139E-01 -0.522237592160E-02  0.310990947442E-04  0.440999272143E-03
  0.101316485203      0.321560579956E-01 -0.696469955660E-01  0.293723063109E-01 -0.584736472317E-02  0.104362518528E-02 -0.658446563260E-03  0.529615120547E-03
 -0.216181509526E-01 -0.459471997388E-02  0.143873547139E-01 -0.584736472317E-02  0.132140413363E-02 -0.172831935278E-03 -0.249241432710E-03  0.596076485690E-04
 -0.698999742782E-02 -0.258911815319E-03 -0.522237592160E-02  0.104362518528E-02 -0.172831935278E-03  0.281381437343E-02 -0.120256686037E-02 -0.374772840682E-03
  0.246769072083E-02 -0.393339272835E-03  0.310990947441E-04 -0.658446563260E-03 -0.249241432710E-03 -0.120256686037E-02  0.153638782244E-02 -0.361126528274E-03
  0.289241533703E-02  0.152562244173E-02  0.440999272143E-03  0.529615120547E-03  0.596076485690E-04 -0.374772840682E-03 -0.361126528274E-03  0.359747496744E-03
