  0.170249802871E-16  0.982668468657E-02  0.126691347765E-01 -0.207210062453E-02 -0.118337495159E-01  0.260089933398E-01 -0.794671301520E-02 -0.865580115712E-03
 -0.982668468657E-02  0.397209475257E-16 -0.577627556683E-03 -0.115324949914E-01  0.168428910326E-01 -0.138047678467E-01  0.162831452640E-02  0.393093868147E-02
 -0.126691347765E-01  0.577627556683E-03 -0.132152571456E-15  0.121285124134E-01 -0.889139705273E-02 -0.124287376943E-02  0.110340892124E-02 -0.150772646119E-02
  0.207210062453E-02  0.115324949914E-01 -0.121285124134E-01  0.190999714665E-16  0.261082946025E-02 -0.549979539109E-03  0.932925893412E-04  0.524404518638E-03
  0.118337495159E-01 -0.168428910326E-01  0.889139705273E-02 -0.261082946025E-02 -0.396859819029E-17  0.358014000928E-03  0.177365815512E-03 -0.431534892933E-03
 -0.260089933398E-01  0.138047678467E-01  0.124287376943E-02  0.549979539109E-03 -0.358014000928E-03 -0.143388191589E-16 -0.616413936361E-03  0.550354163505E-03
  0.794671301520E-02 -0.162831452640E-02 -0.110340892124E-02 -0.932925893412E-04 -0.177365815512E-03  0.616413936361E-03 -0.984865042818E-18 -0.189556183388E-03
  0.865580115712E-03 -0.393093868147E-02  0.150772646119E-02 -0.524404518638E-03  0.431534892933E-03 -0.550354163505E-03  0.189556183388E-03  0.239377931866E-17
