  0.145370866800E-16  0.911537356961E-02 -0.240097165650E-02 -0.105756915121E-01  0.142197152897E-02 -0.174450502966E-01 -0.486418163489E-03 -0.151552593934E-02
 -0.911537356961E-02  0.143921670599E-16 -0.113979806571E-01  0.107022650643E-01  0.885420161857E-04  0.163212082127E-01 -0.252758397414E-02 -0.150102437153E-02
  0.240097165650E-02  0.113979806571E-01 -0.855008402819E-16  0.157296308734E-01 -0.157498412043E-01  0.604168330959E-02 -0.489101954842E-02  0.109728894860E-02
  0.105756915121E-01 -0.107022650643E-01 -0.157296308734E-01 -0.753582024407E-17  0.711690915932E-02 -0.604389298452E-02  0.155416495309E-02  0.402333844153E-03
 -0.142197152897E-02 -0.885420161856E-04  0.157498412043E-01 -0.711690915932E-02 -0.610918637935E-17  0.162076173499E-02 -0.531348652998E-03 -0.866165945488E-03
  0.174450502966E-01 -0.163212082127E-01 -0.604168330959E-02  0.604389298452E-02 -0.162076173499E-02 -0.146250219384E-17  0.126537996000E-03  0.534463598890E-03
  0.486418163488E-03  0.252758397414E-02  0.489101954842E-02 -0.155416495309E-02  0.531348652998E-03 -0.126537996000E-03 -0.109548819393E-16 -0.857562560707E-03
  0.151552593934E-02  0.150102437153E-02 -0.109728894860E-02 -0.402333844153E-03  0.866165945488E-03 -0.534463598890E-03  0.857562560707E-03 -0.184447097291E-17
