 -0.750393265795E-16  0.838580177525E-02 -0.199466672925E-01  0.484612175131E-02  0.573170642875E-02 -0.113737983587E-01  0.998841515571E-03  0.280920556736E-02
 -0.838580177525E-02  0.235725633234E-17  0.788594428353E-02 -0.119055483239E-02 -0.252841461650E-02  0.487612300779E-02 -0.740211144918E-03 -0.100097583770E-02
  0.199466672925E-01 -0.788594428353E-02 -0.447715004788E-17  0.293737001902E-02  0.500075457194E-03 -0.986861801606E-03 -0.816680584914E-03  0.104253090640E-02
 -0.484612175131E-02  0.119055483239E-02 -0.293737001902E-02 -0.197033294446E-17  0.135423944119E-02 -0.234156845392E-02  0.565394842469E-03  0.384505113942E-03
 -0.573170642875E-02  0.252841461650E-02 -0.500075457194E-03 -0.135423944119E-02 -0.833373450827E-19  0.339478934046E-04  0.475780917323E-03 -0.411672894647E-03
  0.113737983587E-01 -0.487612300779E-02  0.986861801606E-03  0.234156845392E-02 -0.339478934046E-04 -0.178580025177E-18 -0.837499806563E-03  0.704790317622E-03
 -0.998841515571E-03  0.740211144918E-03  0.816680584914E-03 -0.565394842469E-03 -0.475780917323E-03  0.837499806563E-03 -0.203878862077E-18 -0.307417061035E-03
 -0.280920556736E-02  0.100097583770E-02 -0.104253090640E-02 -0.384505113942E-03  0.411672894647E-03 -0.704790317622E-03  0.307417061035E-03   0.00000000000    
