  0.101921599028E-16  0.602620787687E-01 -0.227023062503E-01 -0.784906221169E-03  0.376910825646E-02  0.101526657364E-02 -0.463051728465E-02 -0.600165758156E-03
 -0.602620787687E-01 -0.603970065041E-16 -0.714982244039E-01  0.272203405097E-01 -0.623521959005E-02  0.554110777883E-03  0.271688886774E-02  0.601418696803E-04
  0.227023062503E-01  0.714982244039E-01 -0.984514047017E-16  0.174618769712E-02 -0.959031618050E-03  0.159193593912E-02 -0.205906696577E-02  0.477096803527E-03
  0.784906221169E-03 -0.272203405097E-01 -0.174618769712E-02  0.263574848624E-17  0.347662118236E-03 -0.698006513925E-03  0.659823799245E-03 -0.121289046725E-03
 -0.376910825646E-02  0.623521959005E-02  0.959031618050E-03 -0.347662118236E-03  0.504702187179E-18  0.110629933219E-03 -0.983979093778E-04 -0.735827405292E-05
 -0.101526657364E-02 -0.554110777883E-03 -0.159193593912E-02  0.698006513925E-03 -0.110629933219E-03 -0.571182762344E-18 -0.155747577346E-04  0.110679578373E-04
  0.463051728465E-02 -0.271688886774E-02  0.205906696577E-02 -0.659823799245E-03  0.983979093778E-04  0.155747577346E-04  0.343865043954E-20  0.179139392286E-04
  0.600165758156E-03 -0.601418696803E-04 -0.477096803527E-03  0.121289046725E-03  0.735827405292E-05 -0.110679578373E-04 -0.179139392286E-04  0.894233807419E-20
