 -0.288817557075E-16  0.436740212847E-01 -0.152370954692E-01  0.455740198014E-02 -0.129413764192E-02  0.182978382352E-02  0.591077870573E-02  0.574126235109E-02
 -0.436740212847E-01 -0.438626372940E-16 -0.407131379561E-01  0.922023429047E-02 -0.109361656487E-01  0.654862336196E-02 -0.700380986847E-02 -0.475009613162E-02
  0.152370954692E-01  0.407131379561E-01  0.437604855581E-17 -0.722368068094E-02  0.333973810474E-02 -0.141769714494E-02 -0.210610694073E-02  0.328692285944E-02
 -0.455740198014E-02 -0.922023429047E-02  0.722368068094E-02  0.357860597260E-17  0.526675029173E-03 -0.647465072508E-03  0.175759620070E-02 -0.241435016698E-03
  0.129413764192E-02  0.109361656487E-01 -0.333973810474E-02 -0.526675029173E-03  0.323507957054E-17  0.887906273167E-04 -0.361165052961E-03  0.364166523804E-03
 -0.182978382352E-02 -0.654862336196E-02  0.141769714494E-02  0.647465072508E-03 -0.887906273167E-04  0.209246297661E-17  0.106225278749E-02 -0.173977039091E-03
 -0.591077870573E-02  0.700380986847E-02  0.210610694073E-02 -0.175759620070E-02  0.361165052961E-03 -0.106225278749E-02 -0.346656858488E-17  0.142323355430E-02
 -0.574126235109E-02  0.475009613162E-02 -0.328692285944E-02  0.241435016698E-03 -0.364166523804E-03  0.173977039091E-03 -0.142323355430E-02 -0.717121661867E-18
