 -0.866284010244E-17 -0.180262708616E-02 -0.222186318574E-01  0.724097400677E-02  0.990563178085E-02 -0.567995099035E-02  0.342188320904E-02 -0.714683554649E-02
  0.180262708616E-02  0.429168799297E-16  0.352748510773E-01 -0.749102485679E-02  0.357121246182E-02  0.647688722133E-03 -0.316412075651E-02  0.230502355597E-02
  0.222186318574E-01 -0.352748510773E-01 -0.361029883648E-17 -0.465062745115E-02 -0.103921799244E-01  0.425469731285E-03  0.441209043315E-02 -0.647774681581E-03
 -0.724097400677E-02  0.749102485679E-02  0.465062745115E-02  0.687333322682E-17  0.349922844882E-02 -0.710767735338E-03 -0.714698885244E-03 -0.710178712228E-03
 -0.990563178085E-02 -0.357121246182E-02  0.103921799244E-01 -0.349922844882E-02 -0.952474420075E-17 -0.247281408007E-02  0.216050781989E-02 -0.704383672006E-03
  0.567995099035E-02 -0.647688722133E-03 -0.425469731285E-03  0.710767735338E-03  0.247281408007E-02 -0.840943091201E-17 -0.122861968777E-02  0.929127457237E-03
 -0.342188320904E-02  0.316412075651E-02 -0.441209043315E-02  0.714698885244E-03 -0.216050781989E-02  0.122861968777E-02 -0.562818683434E-17 -0.380406492979E-03
  0.714683554649E-02 -0.230502355597E-02  0.647774681581E-03  0.710178712228E-03  0.704383672006E-03 -0.929127457237E-03  0.380406492979E-03 -0.209619847685E-17
