  0.552204889695E-19 -0.126630136801E-01  0.332422089585E-01 -0.151809881149E-01 -0.304482332329E-02  0.131241013971E-01 -0.889545083509E-02  0.194855996452E-02
  0.126630136801E-01 -0.134441751404E-15 -0.308868375746E-02 -0.126082400022E-01  0.186399547997E-01 -0.916132882485E-02  0.218519509132E-02  0.487994004522E-02
 -0.332422089585E-01  0.308868375746E-02 -0.361752671503E-16  0.192140357339E-01 -0.149055317708E-01  0.207890675987E-03 -0.177872245255E-02 -0.176170319796E-02
  0.151809881149E-01  0.126082400022E-01 -0.192140357339E-01  0.370328088614E-16  0.396387445476E-02 -0.971421925785E-04  0.273424073523E-03  0.138942784128E-02
  0.304482332329E-02 -0.186399547997E-01  0.149055317708E-01 -0.396387445476E-02  0.164167265442E-17  0.139726063678E-03  0.993822895021E-04 -0.556735231301E-03
 -0.131241013971E-01  0.916132882485E-02 -0.207890675987E-03  0.971421925785E-04 -0.139726063678E-03 -0.483341691686E-18 -0.546769196381E-03  0.365813674629E-03
  0.889545083509E-02 -0.218519509132E-02  0.177872245255E-02 -0.273424073523E-03 -0.993822895021E-04  0.546769196381E-03 -0.700325730695E-17 -0.349759796449E-03
 -0.194855996452E-02 -0.487994004522E-02  0.176170319796E-02 -0.138942784128E-02  0.556735231301E-03 -0.365813674629E-03  0.349759796449E-03 -0.439311472393E-17
