  0.605828438651E-16  0.639682610070E-01 -0.355366684745E-01  0.137676435577E-01 -0.554147175391E-03  0.403741545445E-02 -0.367338045333E-02  0.197763918555E-02
 -0.639682610070E-01  0.503452210489E-16 -0.536363947045E-01  0.211484485086E-01 -0.177361946784E-01  0.596179392024E-02  0.561769757706E-02 -0.262229130865E-02
  0.355366684745E-01  0.536363947045E-01  0.747088213556E-16 -0.396307325208E-02  0.204165868093E-02  0.205599959162E-02 -0.145145882789E-02  0.823857250333E-03
 -0.137676435577E-01 -0.211484485086E-01  0.396307325208E-02  0.222159868374E-17  0.384640435377E-03 -0.972616002799E-03  0.120995611992E-03 -0.149077197639E-03
  0.554147175391E-03  0.177361946784E-01 -0.204165868093E-02 -0.384640435377E-03 -0.143885925113E-18  0.326380926841E-03 -0.564686019156E-05  0.312899848533E-04
 -0.403741545445E-02 -0.596179392024E-02 -0.205599959162E-02  0.972616002799E-03 -0.326380926841E-03  0.440012441958E-18  0.249516449088E-04 -0.492203982375E-04
  0.367338045333E-02 -0.561769757706E-02  0.145145882789E-02 -0.120995611992E-03  0.564686019155E-05 -0.249516449088E-04  0.232770294981E-19  0.136963171950E-04
 -0.197763918555E-02  0.262229130865E-02 -0.823857250333E-03  0.149077197639E-03 -0.312899848533E-04  0.492203982375E-04 -0.136963171950E-04  0.188154054492E-19
