 -0.375491216718E-16  0.209904490976E-01 -0.322047628050E-01 -0.459973830632E-02  0.804318072491E-02  0.119490364507E-02 -0.276630679814E-02 -0.182267706029E-02
 -0.209904490976E-01  0.285419897260E-16 -0.222987258723E-01  0.230496982890E-01 -0.473625918395E-02  0.338220887137E-03  0.315376023345E-02  0.504849250030E-03
  0.322047628050E-01  0.222987258723E-01 -0.281739002188E-16  0.211065133309E-02 -0.124853861523E-02  0.587199835395E-03  0.707965262415E-04  0.184755111045E-03
  0.459973830632E-02 -0.230496982890E-01 -0.211065133309E-02 -0.118135441514E-16  0.486163530368E-03 -0.269099360238E-03 -0.185790952109E-03 -0.156240561290E-03
 -0.804318072491E-02  0.473625918395E-02  0.124853861523E-02 -0.486163530368E-03 -0.115391819091E-18  0.662442330948E-04  0.355948654736E-04  0.265971142394E-04
 -0.119490364507E-02 -0.338220887137E-03 -0.587199835395E-03  0.269099360238E-03 -0.662442330948E-04 -0.180052820420E-18  0.100333348947E-04 -0.108964444903E-04
  0.276630679814E-02 -0.315376023345E-02 -0.707965262415E-04  0.185790952109E-03 -0.355948654736E-04 -0.100333348947E-04 -0.912115153790E-19 -0.139923262738E-05
  0.182267706029E-02 -0.504849250030E-03 -0.184755111045E-03  0.156240561290E-03 -0.265971142394E-04  0.108964444903E-04  0.139923262738E-05  0.356545229023E-20
