  0.183735990629E-15 -0.145824971645E-01 -0.193183758472E-01  0.187254927941E-01 -0.116634250695E-01  0.554657985818E-02 -0.956927311951E-03  0.839695109106E-03
  0.145824971645E-01  0.209786831161E-15  0.150201365322E-01 -0.254371088625E-02 -0.239379422577E-02  0.112510724182E-01 -0.425537121510E-02 -0.297285062576E-02
  0.193183758472E-01 -0.150201365322E-01  0.425304677182E-15 -0.506921003919E-02  0.509295799416E-02 -0.534905124245E-02  0.118562588148E-02  0.148216052814E-02
 -0.187254927941E-01  0.254371088625E-02  0.506921003919E-02  0.479126862550E-15 -0.107481017798E-02  0.870652396255E-04  0.527022916540E-03 -0.448494346543E-03
  0.116634250695E-01  0.239379422577E-02 -0.509295799416E-02  0.107481017798E-02  0.145747149772E-15  0.570039062554E-03 -0.521435549391E-03  0.137731945812E-03
 -0.554657985818E-02 -0.112510724182E-01  0.534905124245E-02 -0.870652396254E-04 -0.570039062555E-03  0.139083939208E-16  0.275951877095E-03 -0.840880953554E-04
  0.956927311951E-03  0.425537121510E-02 -0.118562588148E-02 -0.527022916540E-03  0.521435549391E-03 -0.275951877095E-03  0.152484429601E-17  0.444973320811E-04
 -0.839695109106E-03  0.297285062576E-02 -0.148216052814E-02  0.448494346543E-03 -0.137731945812E-03  0.840880953554E-04 -0.444973320811E-04  0.129944202947E-17
