  0.332175224221E-16 -0.302729671235E-01  0.124387165053E-02 -0.789716051258E-02  0.735202018165E-02  0.423401778441E-02 -0.421873965041E-02 -0.738067353602E-03
  0.302729671235E-01 -0.169710705407E-16 -0.205576496302E-01  0.133979443783E-01  0.195602001660E-02 -0.410310991806E-02  0.109314625266E-02  0.117076690882E-03
 -0.124387165053E-02  0.205576496302E-01 -0.226737201271E-18  0.692354562896E-03 -0.252896418601E-02  0.346563535149E-03  0.222654666748E-03 -0.129446636853E-04
  0.789716051258E-02 -0.133979443783E-01 -0.692354562896E-03 -0.813589501241E-18  0.157873265523E-02 -0.283409048419E-03 -0.123945050339E-03 -0.143593404725E-04
 -0.735202018165E-02 -0.195602001660E-02  0.252896418601E-02 -0.157873265523E-02  0.160387835922E-18  0.321690912032E-03 -0.606787326148E-04  0.200713538505E-04
 -0.423401778441E-02  0.410310991806E-02 -0.346563535149E-03  0.283409048419E-03 -0.321690912032E-03 -0.104826772892E-18  0.236275196461E-04  0.923579205765E-05
  0.421873965041E-02 -0.109314625266E-02 -0.222654666748E-03  0.123945050339E-03  0.606787326148E-04 -0.236275196461E-04  0.166265240333E-19 -0.129653499443E-04
  0.738067353602E-03 -0.117076690882E-03  0.129446636853E-04  0.143593404725E-04 -0.200713538505E-04 -0.923579205764E-05  0.129653499443E-04 -0.116956266244E-20
