  0.393149841231     -0.112051040272     -0.863012000870E-01  0.743380269256E-01 -0.304330816922E-01  0.105390534232E-01 -0.936417390735E-03  0.281955821507E-03
 -0.112051040272      0.225428082751     -0.179989369887      0.719758932113E-01 -0.106339466658E-01 -0.368116421932E-02  0.542719665661E-03  0.135600189952E-02
 -0.863012000870E-01 -0.179989369887      0.295336221163     -0.145762789232      0.381312410556E-01 -0.990638407737E-02  0.156310703409E-02  0.125082937223E-02
  0.743380269256E-01  0.719758932113E-01 -0.145762789232      0.753173724046E-01 -0.213082518286E-01  0.597209243388E-02 -0.758672611464E-03 -0.747935582336E-03
 -0.304330816922E-01 -0.106339466658E-01  0.381312410556E-01 -0.213082518286E-01  0.714605007760E-02 -0.207124204913E-02 -0.221434294948E-03  0.598803883456E-03
  0.105390534232E-01 -0.368116421932E-02 -0.990638407737E-02  0.597209243388E-02 -0.207124204913E-02  0.184876565029E-02 -0.955798109987E-03 -0.364863826235E-04
 -0.936417390735E-03  0.542719665661E-03  0.156310703409E-02 -0.758672611464E-03 -0.221434294948E-03 -0.955798109987E-03  0.130840945031E-02 -0.547026552519E-03
  0.281955821507E-03  0.135600189952E-02  0.125082937223E-02 -0.747935582336E-03  0.598803883456E-03 -0.364863826235E-04 -0.547026552519E-03  0.465257272150E-03
