 -0.465657251010E-16  0.621905080286E-03  0.173643150711E-01 -0.165064650483E-01 -0.219594223163E-02 -0.106451563056E-01 -0.786075377150E-02  0.906104192418E-02
 -0.621905080286E-03 -0.234500165944E-16 -0.351090135235E-02 -0.382232341401E-02  0.148545772686E-01  0.794953902900E-02 -0.965854276054E-03  0.266254367060E-02
 -0.173643150711E-01  0.351090135235E-02 -0.175584421773E-16  0.165353051009E-01 -0.147419035433E-01  0.128296105096E-02 -0.494283988170E-02 -0.252504632373E-02
  0.165064650483E-01  0.382232341401E-02 -0.165353051009E-01 -0.354075870396E-16  0.327196574149E-02 -0.214861348188E-02  0.154410804763E-02  0.416345581922E-02
  0.219594223163E-02 -0.148545772686E-01  0.147419035433E-01 -0.327196574149E-02 -0.197096420467E-16  0.893971363695E-03  0.624509509528E-03 -0.329301336604E-02
  0.106451563056E-01 -0.794953902900E-02 -0.128296105096E-02  0.214861348188E-02 -0.893971363695E-03 -0.554757623979E-18  0.806318253036E-04 -0.218729199891E-03
  0.786075377150E-02  0.965854276054E-03  0.494283988170E-02 -0.154410804763E-02 -0.624509509528E-03 -0.806318253036E-04  0.124759902336E-16 -0.116393056489E-02
 -0.906104192418E-02 -0.266254367060E-02  0.252504632373E-02 -0.416345581922E-02  0.329301336604E-02  0.218729199891E-03  0.116393056489E-02  0.332491196031E-17
