  0.428258819397     -0.403497305734      0.113777477048     -0.179397295313E-02 -0.571512664716E-02  0.691866633242E-02 -0.598258749814E-02 -0.287898810968E-02
 -0.403497305734      0.521085729170     -0.140972760960      0.183995759170E-01 -0.106454733770E-01  0.720041023965E-02 -0.531515481927E-02  0.411783372206E-02
  0.113777477048     -0.140972760960      0.387760136920E-01 -0.504119747623E-02  0.217573111999E-02 -0.129452545284E-02  0.110697234328E-02 -0.121515503182E-02
 -0.179397295313E-02  0.183995759170E-01 -0.504119747623E-02  0.588946968093E-02 -0.200606781558E-02 -0.578812215085E-03 -0.962400800480E-03  0.111767373076E-02
 -0.571512664716E-02 -0.106454733770E-01  0.217573111999E-02 -0.200606781558E-02  0.197853591099E-02 -0.151080805924E-02  0.126337765890E-02 -0.162001409066E-03
  0.691866633242E-02  0.720041023965E-02 -0.129452545284E-02 -0.578812215085E-03 -0.151080805924E-02  0.274637278757E-02 -0.139790766894E-02 -0.443969587246E-03
 -0.598258749814E-02 -0.531515481927E-02  0.110697234328E-02 -0.962400800480E-03  0.126337765890E-02 -0.139790766894E-02  0.100433279262E-02  0.134392384622E-04
 -0.287898810968E-02  0.411783372206E-02 -0.121515503182E-02  0.111767373076E-02 -0.162001409066E-03 -0.443969587246E-03  0.134392384622E-04  0.260726569582E-03
