  0.926676034698E-18  0.356610134175E-02 -0.326873862533E-02 -0.652289865782E-02  0.663568116726E-02 -0.106799836307E-02 -0.209285823060E-03 -0.876466275906E-03
 -0.356610134175E-02  0.105702202283E-17 -0.455589733577E-03  0.159905794265E-02 -0.122707999127E-02  0.216229109509E-03  0.439145101406E-04  0.143476681434E-03
  0.326873862533E-02  0.455589733577E-03  0.921805877790E-18 -0.262464326201E-03 -0.493874151615E-06 -0.272395379104E-05  0.154911079370E-04  0.293890998632E-04
  0.652289865782E-02 -0.159905794265E-02  0.262464326201E-03 -0.336659494938E-18 -0.698166148607E-04  0.162898097333E-04 -0.625830446692E-05  0.298197960775E-04
 -0.663568116726E-02  0.122707999127E-02  0.493874151615E-06  0.698166148607E-04 -0.639059613742E-19 -0.782387080843E-05  0.208572253031E-05 -0.256852948256E-04
  0.106799836307E-02 -0.216229109509E-03  0.272395379104E-05 -0.162898097333E-04  0.782387080843E-05  0.209357354874E-20 -0.969365335301E-06  0.279898198891E-05
  0.209285823060E-03 -0.439145101406E-04 -0.154911079370E-04  0.625830446692E-05 -0.208572253031E-05  0.969365335301E-06  0.831490203754E-21  0.941989051285E-06
  0.876466275906E-03 -0.143476681434E-03 -0.293890998632E-04 -0.298197960775E-04  0.256852948256E-04 -0.279898198891E-05 -0.941989051285E-06 -0.725326722382E-20
