  0.684581716914     -0.207884188213      0.145895773384E-01  0.215769718187E-02  0.171755742251E-04 -0.112592959126E-03  0.218805552092E-02 -0.559607269210E-03
 -0.207884188213      0.294401498814     -0.246746092989E-01 -0.588714325425E-02 -0.295757332672E-02 -0.149167467856E-03 -0.174058570380E-03 -0.184746730611E-02
  0.145895773384E-01 -0.246746092989E-01  0.160308881887E-01 -0.530243088119E-02 -0.307595833737E-03  0.121093736248E-02 -0.482624579542E-03  0.228473340438E-03
  0.215769718187E-02 -0.588714325425E-02 -0.530243088119E-02  0.392411318451E-02 -0.415425975666E-03 -0.531217655095E-03  0.280341180437E-03 -0.226137749765E-04
  0.171755742251E-04 -0.295757332672E-02 -0.307595833737E-03 -0.415425975666E-03  0.761203819207E-03 -0.226890583688E-03 -0.283563895665E-04  0.611749867938E-04
 -0.112592959126E-03 -0.149167467856E-03  0.121093736248E-02 -0.531217655095E-03 -0.226890583688E-03  0.243788724747E-03 -0.528386899583E-04 -0.997591456110E-05
  0.218805552092E-02 -0.174058570380E-03 -0.482624579542E-03  0.280341180437E-03 -0.283563895665E-04 -0.528386899583E-04  0.331417711486E-04 -0.736821971767E-05
 -0.559607269210E-03 -0.184746730611E-02  0.228473340438E-03 -0.226137749765E-04  0.611749867938E-04 -0.997591456110E-05 -0.736821971767E-05  0.236485839813E-04
