 -0.200701078297E-16 -0.357528761230E-02  0.467364213628E-02  0.165117241876E-01 -0.122543381415E-01  0.626794618552E-02  0.107575631944E-02 -0.193896626955E-02
  0.357528761230E-02  0.323958273307E-18  0.985906426152E-02 -0.145633993376E-01  0.392886319816E-02 -0.561176722627E-02  0.435275368394E-02 -0.967876170763E-03
 -0.467364213628E-02 -0.985906426153E-02  0.328039637380E-17  0.506292403926E-02 -0.709751698054E-03  0.155631344194E-02 -0.138421295147E-02  0.217770782211E-03
 -0.165117241876E-01  0.145633993376E-01 -0.506292403926E-02 -0.776638943202E-17  0.794039064298E-03 -0.627528728079E-03  0.875917693284E-03 -0.456755412292E-03
  0.122543381415E-01 -0.392886319816E-02  0.709751698054E-03 -0.794039064298E-03 -0.218257320943E-17  0.576707848768E-03 -0.178081754149E-03 -0.174900252983E-04
 -0.626794618552E-02  0.561176722627E-02 -0.155631344194E-02  0.627528728079E-03 -0.576707848768E-03 -0.202537692130E-16  0.130198709878E-02 -0.700614718007E-03
 -0.107575631944E-02 -0.435275368394E-02  0.138421295147E-02 -0.875917693284E-03  0.178081754149E-03 -0.130198709878E-02 -0.199629720228E-16  0.737766493669E-03
  0.193896626955E-02  0.967876170763E-03 -0.217770782211E-03  0.456755412292E-03  0.174900252983E-04  0.700614718007E-03 -0.737766493669E-03 -0.138572673122E-16
