  0.894875966132     -0.202847864449     -0.161555640017E-01  0.107078434122E-01  0.300448376238E-02 -0.423899753309E-03  0.866147417037E-03 -0.269859277569E-02
 -0.202847864449      0.895325694748E-01 -0.377718190974E-02  0.327345055886E-02 -0.476586038596E-02 -0.309783083441E-03  0.305072517487E-03  0.587363488981E-03
 -0.161555640017E-01 -0.377718190974E-02  0.107327518687E-01 -0.636640931855E-02 -0.101019431472E-02  0.151082480202E-02 -0.133786755858E-03  0.372196837914E-04
  0.107078434122E-01  0.327345055886E-02 -0.636640931855E-02  0.386574138832E-02  0.411989647509E-03 -0.903406561706E-03  0.121863354940E-03 -0.212189674678E-04
  0.300448376238E-02 -0.476586038596E-02 -0.101019431472E-02  0.411989647509E-03  0.708025274741E-03 -0.202004252322E-03 -0.552027400363E-04 -0.727592784724E-05
 -0.423899753309E-03 -0.309783083441E-03  0.151082480202E-02 -0.903406561706E-03 -0.202004252322E-03  0.252078147270E-03 -0.304994736865E-04 -0.493065871498E-05
  0.866147417037E-03  0.305072517487E-03 -0.133786755858E-03  0.121863354940E-03 -0.552027400363E-04 -0.304994736865E-04  0.240242509385E-04  0.555455691295E-06
 -0.269859277569E-02  0.587363488981E-03  0.372196837914E-04 -0.212189674678E-04 -0.727592784724E-05 -0.493065871498E-05  0.555455691295E-06  0.884346361787E-05
