 -0.452113138742E-15  0.566656135896E-02 -0.184006553456E-01  0.118563881101E-01  0.890331898055E-02 -0.996725953322E-02  0.380978865130E-02 -0.881178604958E-03
 -0.566656135896E-02  0.727544624492E-16  0.149945793825E-01 -0.873199670117E-02 -0.785093349807E-02  0.802068403243E-02 -0.354464852019E-02  0.763951606388E-03
  0.184006553456E-01 -0.149945793825E-01  0.123020856664E-16  0.212304843714E-02  0.248958585490E-02 -0.244705905603E-02  0.949782254898E-03 -0.157420410929E-03
 -0.118563881101E-01  0.873199670117E-02 -0.212304843714E-02  0.262077517931E-16 -0.183746853689E-02  0.113383084500E-02  0.449436399254E-04 -0.189896096789E-03
 -0.890331898055E-02  0.785093349807E-02 -0.248958585490E-02  0.183746853689E-02 -0.539637137103E-17 -0.132505108605E-02  0.106063330757E-02 -0.484414012360E-03
  0.996725953322E-02 -0.802068403243E-02  0.244705905603E-02 -0.113383084500E-02  0.132505108605E-02  0.469367707680E-17 -0.708150967162E-03  0.436639214964E-03
 -0.380978865130E-02  0.354464852019E-02 -0.949782254898E-03 -0.449436399254E-04 -0.106063330757E-02  0.708150967162E-03  0.637915627946E-18 -0.894068925023E-04
  0.881178604958E-03 -0.763951606388E-03  0.157420410929E-03  0.189896096789E-03  0.484414012360E-03 -0.436639214964E-03  0.894068925023E-04  0.216854297121E-18
