  0.185843343296E-16  0.388132430900E-01 -0.966261485193E-02 -0.136415931432E-01  0.604456289450E-02 -0.306613726501E-03 -0.336694511005E-02 -0.461638226132E-03
 -0.388132430900E-01  0.600013384174E-17 -0.514093138782E-02  0.153623994150E-02 -0.898750147698E-03 -0.104481781121E-03  0.118874087593E-02 -0.431090987632E-04
  0.966261485193E-02  0.514093138782E-02 -0.700306039127E-19 -0.233197875879E-03  0.112505884377E-03 -0.866368651201E-04 -0.103216049371E-03  0.147093667754E-04
  0.136415931432E-01 -0.153623994150E-02  0.233197875879E-03 -0.374576838500E-19 -0.842269587115E-04  0.455312527783E-04  0.383892084580E-05  0.459996197012E-05
 -0.604456289450E-02  0.898750147698E-03 -0.112505884377E-03  0.842269587115E-04  0.397669872431E-20 -0.277445061162E-04  0.252570248165E-04  0.138840961979E-05
  0.306613726501E-03  0.104481781121E-03  0.866368651201E-04 -0.455312527783E-04  0.277445061162E-04  0.469297418351E-20 -0.279878585613E-04  0.270049241850E-06
  0.336694511005E-02 -0.118874087593E-02  0.103216049371E-03 -0.383892084580E-05 -0.252570248165E-04  0.279878585613E-04  0.738292122906E-20 -0.113327753807E-05
  0.461638226132E-03  0.431090987632E-04 -0.147093667754E-04 -0.459996197012E-05 -0.138840961979E-05 -0.270049241850E-06  0.113327753807E-05  0.138949610938E-21
