  0.367035275574     -0.259326183656      0.409430356656E-01 -0.109728275760E-01 -0.572271973796E-03  0.313304752275E-02  0.559894260334E-03 -0.103023261115E-02
 -0.259326183656      0.587467356673     -0.109781983721     -0.116962351593E-01  0.174424333615E-01 -0.322572887092E-03 -0.475379368138E-02  0.261133370832E-02
  0.409430356656E-01 -0.109781983721      0.365149828516E-01 -0.114816870240E-02  0.153048893460E-03 -0.167060889713E-02  0.729742080158E-03  0.108658427764E-03
 -0.109728275760E-01 -0.116962351593E-01 -0.114816870240E-02  0.458329435270E-02 -0.317057792362E-02 -0.886972532856E-03  0.793895998732E-03 -0.346169727702E-03
 -0.572271973796E-03  0.174424333615E-01  0.153048893460E-03 -0.317057792362E-02  0.323474701587E-02  0.289114968208E-04 -0.483235907628E-03  0.298141607737E-03
  0.313304752275E-02 -0.322572887092E-03 -0.167060889713E-02 -0.886972532856E-03  0.289114968207E-04  0.913533183731E-03 -0.272134407705E-03 -0.143019955444E-04
  0.559894260334E-03 -0.475379368138E-02  0.729742080158E-03  0.793895998732E-03 -0.483235907628E-03 -0.272134407705E-03  0.196756924943E-03 -0.728022138229E-04
 -0.103023261115E-02  0.261133370832E-02  0.108658427764E-03 -0.346169727702E-03  0.298141607737E-03 -0.143019955444E-04 -0.728022138229E-04  0.540534236927E-04
