  0.459863955361     -0.413011068071      0.107447691790     -0.589416189083E-02 -0.105156356075E-02 -0.371168399087E-02 -0.615903046615E-03  0.148200701385E-02
 -0.413011068071      0.501881253614     -0.127216565543     -0.116058072943E-03 -0.209727842181E-02  0.364189184342E-02  0.182333201236E-02 -0.201975879446E-02
  0.107447691790     -0.127216565543      0.335394814968E-01  0.109949050023E-03  0.664634790308E-03 -0.883586601195E-03 -0.100113740366E-02  0.842580005691E-03
 -0.589416189083E-02 -0.116058072943E-03  0.109949050023E-03  0.202297515377E-02 -0.808001000617E-03  0.824230857079E-03 -0.357603900066E-03  0.130810564472E-03
 -0.105156356075E-02 -0.209727842181E-02  0.664634790308E-03 -0.808001000617E-03  0.937711831276E-03 -0.481015900992E-03 -0.167454073203E-03  0.131580379554E-03
 -0.371168399087E-02  0.364189184342E-02 -0.883586601195E-03  0.824230857079E-03 -0.481015900992E-03  0.104297100873E-02 -0.363520142535E-03 -0.152903879598E-03
 -0.615903046615E-03  0.182333201236E-02 -0.100113740366E-02 -0.357603900066E-03 -0.167454073203E-03 -0.363520142535E-03  0.526109006335E-03 -0.165371098432E-03
  0.148200701385E-02 -0.201975879446E-02  0.842580005691E-03  0.130810564472E-03  0.131580379554E-03 -0.152903879598E-03 -0.165371098432E-03  0.185542527215E-03
