  0.384175732507     -0.101887413709     -0.685018481586E-01  0.312871287429E-01 -0.537728445398E-02 -0.177154205110E-02  0.540285465692E-03  0.947585864133E-03
 -0.101887413709      0.374582451794     -0.234330028662      0.797843134963E-01 -0.179751648304E-01  0.558791486506E-02 -0.571036761826E-02  0.611238610228E-02
 -0.685018481586E-01 -0.234330028662      0.206985989463     -0.716584990204E-01  0.133600229849E-01  0.768214372410E-03  0.159564976347E-02 -0.404999827370E-02
  0.312871287429E-01  0.797843134963E-01 -0.716584990204E-01  0.278849407422E-01 -0.609600363882E-02 -0.236944721478E-03 -0.121912640116E-02  0.195826814237E-02
 -0.537728445398E-02 -0.179751648304E-01  0.133600229849E-01 -0.609600363882E-02  0.232853833450E-02 -0.138667976212E-02  0.817903762494E-03 -0.425552020881E-03
 -0.177154205110E-02  0.558791486506E-02  0.768214372410E-03 -0.236944721478E-03 -0.138667976212E-02  0.304140965449E-02 -0.103323139732E-02 -0.197609261567E-04
  0.540285465692E-03 -0.571036761826E-02  0.159564976347E-02 -0.121912640116E-02  0.817903762494E-03 -0.103323139732E-02  0.660636722188E-03 -0.304049248673E-03
  0.947585864133E-03  0.611238610228E-02 -0.404999827370E-02  0.195826814237E-02 -0.425552020881E-03 -0.197609261567E-04 -0.304049248673E-03  0.340300783114E-03
