 -0.146986284291E-15  0.120127712598E-01 -0.153274224177E-01  0.215911923309E-01 -0.832603325436E-03 -0.167614024931E-01  0.131943500580E-01 -0.304923575961E-02
 -0.120127712598E-01  0.954149541296E-16  0.898941144552E-02 -0.212868844563E-01  0.693621120558E-02  0.146642698610E-01 -0.133845098844E-01  0.469281854844E-02
  0.153274224177E-01 -0.898941144552E-02  0.991271388998E-16  0.900472217621E-02 -0.427799724472E-02 -0.627144381373E-02  0.637160669849E-02 -0.254775106306E-02
 -0.215911923309E-01  0.212868844563E-01 -0.900472217621E-02  0.529855348278E-16 -0.100157252386E-02  0.166557140638E-02 -0.377215005704E-03 -0.257091748465E-03
  0.832603325437E-03 -0.693621120558E-02  0.427799724472E-02  0.100157252386E-02  0.217287423035E-16 -0.207289840344E-02  0.176036457380E-02 -0.693779023932E-03
  0.167614024931E-01 -0.146642698610E-01  0.627144381373E-02 -0.166557140638E-02  0.207289840344E-02  0.454644254898E-16 -0.137340711086E-02  0.104820114322E-02
 -0.131943500580E-01  0.133845098844E-01 -0.637160669849E-02  0.377215005704E-03 -0.176036457380E-02  0.137340711086E-02  0.280217481110E-16 -0.455099887948E-03
  0.304923575961E-02 -0.469281854844E-02  0.254775106306E-02  0.257091748465E-03  0.693779023932E-03 -0.104820114322E-02  0.455099887948E-03  0.630581563236E-17
