 -0.605976763332E-16 -0.180142866790E-02 -0.601815584522E-02  0.106608331663E-01  0.186760635823E-02 -0.140478711926E-01  0.104963305781E-01  0.214740047240E-04
  0.180142866790E-02 -0.117909742194E-15  0.222315038282E-01 -0.185004565982E-01  0.604041191981E-02  0.393598397241E-02 -0.563975187084E-02 -0.156312097844E-02
  0.601815584522E-02 -0.222315038282E-01  0.771950484978E-17  0.716895551961E-02 -0.262531498979E-02 -0.223485233415E-02  0.309261309549E-02  0.417578495032E-03
 -0.106608331663E-01  0.185004565982E-01 -0.716895551961E-02 -0.573355825003E-16 -0.462649586987E-04  0.564372458782E-03 -0.387305303676E-03 -0.120293701460E-03
 -0.186760635823E-02 -0.604041191981E-02  0.262531498979E-02  0.462649586986E-04 -0.175128413402E-16 -0.531128750147E-03  0.563027014351E-03 -0.215206019120E-03
  0.140478711926E-01 -0.393598397241E-02  0.223485233415E-02 -0.564372458782E-03  0.531128750147E-03 -0.556941210722E-16 -0.667354928264E-03  0.572766264059E-03
 -0.104963305781E-01  0.563975187084E-02 -0.309261309549E-02  0.387305303676E-03 -0.563027014351E-03  0.667354928264E-03 -0.302786810471E-16 -0.346238705059E-03
 -0.214740047240E-04  0.156312097844E-02 -0.417578495032E-03  0.120293701460E-03  0.215206019120E-03 -0.572766264059E-03  0.346238705059E-03 -0.651883343085E-17
