 -0.139635782723E-16 -0.726184971604E-02 -0.199970629026E-01  0.687725366176E-02 -0.223680305597E-02  0.251744413100E-02 -0.290179788083E-02 -0.381660728842E-02
  0.726184971604E-02  0.753117461741E-17  0.856824876548E-02  0.264268252370E-02  0.138343029736E-02 -0.282769911783E-02  0.169064818878E-03  0.187550822617E-02
  0.199970629026E-01 -0.856824876548E-02  0.321680817262E-16  0.122579492026E-02 -0.854292476484E-03  0.529295347746E-03 -0.118475658041E-03 -0.210834226406E-03
 -0.687725366176E-02 -0.264268252370E-02 -0.122579492026E-02  0.126293202972E-17  0.146559958887E-03  0.143827798192E-04  0.102886254120E-03  0.215625493227E-04
  0.223680305597E-02 -0.138343029736E-02  0.854292476484E-03 -0.146559958887E-03  0.270099216541E-18  0.127183394457E-05 -0.833185285552E-05  0.324829717413E-04
 -0.251744413100E-02  0.282769911783E-02 -0.529295347746E-03 -0.143827798192E-04 -0.127183394457E-05 -0.367481927267E-20 -0.391504034660E-05 -0.440541461697E-04
  0.290179788083E-02 -0.169064818878E-03  0.118475658041E-03 -0.102886254120E-03  0.833185285552E-05  0.391504034660E-05  0.647112706296E-20  0.100447505636E-04
  0.381660728842E-02 -0.187550822617E-02  0.210834226406E-03 -0.215625493227E-04 -0.324829717413E-04  0.440541461697E-04 -0.100447505636E-04 -0.999091489757E-21
