 -0.142416564723E-16 -0.110389522791E-01 -0.802053952639E-03  0.532902223269E-02 -0.250524238072E-02 -0.774807292302E-02  0.629987825675E-02  0.302090726507E-03
  0.110389522791E-01  0.110469135410E-16  0.211652900135E-01 -0.644289947566E-02  0.772990946251E-02  0.157592898164E-02  0.541206250091E-02 -0.108027051226E-01
  0.802053952639E-03 -0.211652900135E-01  0.651831663648E-17  0.135052611708E-02 -0.256147377316E-02  0.463598328964E-03 -0.444916610730E-02  0.530191214917E-02
 -0.532902223269E-02  0.644289947566E-02 -0.135052611708E-02 -0.208419563286E-16  0.796958554090E-03 -0.389044697200E-03  0.355137018155E-03 -0.552427841653E-03
  0.250524238072E-02 -0.772990946251E-02  0.256147377316E-02 -0.796958554090E-03 -0.438284895821E-17  0.559576519002E-03 -0.160288225613E-02  0.114029327396E-02
  0.774807292302E-02 -0.157592898164E-02 -0.463598328964E-03  0.389044697200E-03 -0.559576519002E-03  0.692302745180E-18 -0.158417399529E-03  0.399217473793E-03
 -0.629987825675E-02 -0.541206250091E-02  0.444916610730E-02 -0.355137018155E-03  0.160288225613E-02  0.158417399529E-03 -0.347192429350E-17 -0.117888221037E-02
 -0.302090726507E-03  0.108027051226E-01 -0.530191214917E-02  0.552427841653E-03 -0.114029327396E-02 -0.399217473793E-03  0.117888221037E-02 -0.433990536687E-17
