  0.475797836876     -0.137395146270     -0.143052688730      0.102831548419     -0.182218502461E-01 -0.104504452452E-01  0.899059205852E-02 -0.697017811882E-02
 -0.137395146270      0.283541550427     -0.616858178814E-01 -0.190756024464E-01  0.647839023609E-02 -0.169264288520E-02  0.552930809791E-02  0.200430990710E-02
 -0.143052688730     -0.616858178814E-01  0.168827981471     -0.828179999332E-01  0.148132704729E-01  0.221559355897E-02  0.335602085857E-02 -0.180877294162E-02
  0.102831548419     -0.190756024464E-01 -0.828179999332E-01  0.550496649123E-01 -0.133032778825E-01  0.577630415035E-03 -0.479661962628E-02  0.123575051765E-02
 -0.182218502461E-01  0.647839023609E-02  0.148132704729E-01 -0.133032778825E-01  0.993016847925E-02 -0.291345977134E-02  0.402165709787E-02 -0.202009160890E-02
 -0.104504452452E-01 -0.169264288520E-02  0.221559355897E-02  0.577630415035E-03 -0.291345977134E-02  0.252101880513E-02 -0.234851052915E-02  0.102513533863E-02
  0.899059205852E-02  0.552930809791E-02  0.335602085857E-02 -0.479661962628E-02  0.402165709787E-02 -0.234851052915E-02  0.323242955063E-02 -0.106155043815E-02
 -0.697017811882E-02  0.200430990710E-02 -0.180877294162E-02  0.123575051765E-02 -0.202009160890E-02  0.102513533863E-02 -0.106155043815E-02  0.109934947853E-02
