  0.389905700238     -0.340963111228      0.785090786603E-01 -0.473197306509E-02 -0.201767142411E-02  0.231499077104E-02  0.118427379706E-02  0.329116379431E-02
 -0.340963111228      0.567558117170     -0.142509225565      0.190747219642E-02 -0.607156059357E-02  0.275933812443E-02  0.622293697841E-03 -0.659620616699E-02
  0.785090786603E-01 -0.142509225565      0.362752638342E-01 -0.563213949548E-03  0.172593293987E-02 -0.107364884082E-02 -0.158316598787E-04  0.160452262845E-02
 -0.473197306509E-02  0.190747219642E-02 -0.563213949548E-03  0.208088230309E-02 -0.353261102967E-03  0.140057330722E-02 -0.108913556132E-02  0.198602845332E-03
 -0.201767142411E-02 -0.607156059357E-02  0.172593293987E-02 -0.353261102967E-03  0.154878007577E-02 -0.891142556129E-03 -0.233045979509E-03  0.497243674747E-03
  0.231499077104E-02  0.275933812443E-02 -0.107364884082E-02  0.140057330722E-02 -0.891142556129E-03  0.159151171644E-02 -0.646660528260E-03 -0.118012261676E-03
  0.118427379706E-02  0.622293697841E-03 -0.158316598787E-04 -0.108913556132E-02 -0.233045979509E-03 -0.646660528260E-03  0.736779977229E-03 -0.279328062135E-03
  0.329116379431E-02 -0.659620616699E-02  0.160452262845E-02  0.198602845332E-03  0.497243674747E-03 -0.118012261676E-03 -0.279328062135E-03  0.302964686099E-03
