  0.862676002714     -0.329514528469      0.436888480162E-01  0.170043414145E-01  0.207896374816E-02 -0.214153891983E-02 -0.593680711443E-02  0.772572450171E-02
 -0.329514528469      0.126370263330     -0.163976212127E-01 -0.728192568521E-02 -0.106086136901E-02  0.128687020415E-02  0.243432030078E-02 -0.326389262528E-02
  0.436888480162E-01 -0.163976212127E-01  0.435141805588E-02  0.114350734245E-02 -0.913897868070E-03  0.164659133301E-02 -0.822921926610E-03  0.178236483449E-03
  0.170043414145E-01 -0.728192568521E-02  0.114350734245E-02  0.360495482070E-02  0.863436214784E-04 -0.250450246437E-03 -0.122901676758E-02  0.112205024451E-02
  0.207896374816E-02 -0.106086136901E-02 -0.913897868070E-03  0.863436214784E-04  0.527287549188E-03 -0.904129293893E-03  0.185768082550E-03  0.185104826508E-03
 -0.214153891983E-02  0.128687020415E-02  0.164659133301E-02 -0.250450246437E-03 -0.904129293893E-03  0.156009383360E-02 -0.285147769518E-03 -0.343327855606E-03
 -0.593680711443E-02  0.243432030078E-02 -0.822921926609E-03 -0.122901676758E-02  0.185768082550E-03 -0.285147769518E-03  0.508173675244E-03 -0.319859807368E-03
  0.772572450171E-02 -0.326389262528E-02  0.178236483449E-03  0.112205024451E-02  0.185104826508E-03 -0.343327855606E-03 -0.319859807368E-03  0.401806021528E-03
