  0.644536342736     -0.348002182320     -0.455141892342E-02  0.143578375210E-01  0.302508869186E-02  0.308788944965E-02  0.191634245843E-02 -0.245237989634E-02
 -0.348002182320      0.313724514207     -0.247906737085E-01 -0.382726747830E-02 -0.881823914755E-02 -0.284595753180E-02 -0.149404597862E-02  0.183192422087E-02
 -0.455141892342E-02 -0.247906737085E-01  0.347663410766E-01 -0.123251824980E-01  0.104844248001E-02  0.152336686173E-02 -0.986975354986E-04  0.376544512735E-03
  0.143578375210E-01 -0.382726747830E-02 -0.123251824980E-01  0.597088777572E-02 -0.560405361194E-03 -0.592122879867E-03  0.110420320906E-03 -0.211728871131E-03
  0.302508869186E-02 -0.881823914755E-02  0.104844248001E-02 -0.560405361194E-03  0.862560916958E-03  0.145094337780E-03  0.188643941379E-04 -0.351826848793E-04
  0.308788944965E-02 -0.284595753180E-02  0.152336686173E-02 -0.592122879867E-03  0.145094337779E-03  0.101970440124E-03  0.616488909620E-06  0.541974471436E-05
  0.191634245843E-02 -0.149404597862E-02 -0.986975354986E-04  0.110420320906E-03  0.188643941380E-04  0.616488909620E-06  0.110818430661E-04 -0.145241286073E-04
 -0.245237989634E-02  0.183192422087E-02  0.376544512735E-03 -0.211728871131E-03 -0.351826848793E-04  0.541974471436E-05 -0.145241286073E-04  0.263010038957E-04
