  0.974428085484E-16  0.581361122092E-01  0.415538098952E-02 -0.653278736693E-02  0.535526272459E-02  0.271638475759E-02 -0.466022247353E-02 -0.105254973944E-02
 -0.581361122092E-01 -0.298463399657E-15 -0.180842008449E-01  0.189366541446E-01 -0.769652895550E-02 -0.245978229296E-02  0.206276510425E-02  0.815601646158E-04
 -0.415538098952E-02  0.180842008449E-01 -0.249849182554E-15  0.875749937618E-03 -0.154932947746E-02  0.467953404206E-03 -0.209104757977E-03 -0.246204364323E-03
  0.653278736693E-02 -0.189366541447E-01 -0.875749937617E-03 -0.424140255604E-16  0.108178397544E-02 -0.338421735483E-03  0.173252871397E-03  0.187753544063E-03
 -0.535526272459E-02  0.769652895550E-02  0.154932947746E-02 -0.108178397544E-02 -0.238506887040E-17  0.166163670389E-03 -0.925127402026E-04 -0.751736778279E-04
 -0.271638475759E-02  0.245978229296E-02 -0.467953404206E-03  0.338421735483E-03 -0.166163670389E-03 -0.544988134020E-18 -0.536782881287E-05 -0.323207511030E-04
  0.466022247353E-02 -0.206276510425E-02  0.209104757977E-03 -0.173252871397E-03  0.925127402026E-04  0.536782881287E-05 -0.227896179976E-17  0.374717096845E-04
  0.105254973944E-02 -0.815601646157E-04  0.246204364323E-03 -0.187753544063E-03  0.751736778279E-04  0.323207511030E-04 -0.374717096845E-04 -0.109988683817E-17
