  0.195420102787E-15 -0.146427211123E-01  0.632684552814E-03  0.129050888452E-01 -0.112320324010E-01  0.380775866979E-02 -0.410812836983E-02  0.258414897894E-02
  0.146427211123E-01 -0.841101748209E-16  0.110786206317E-01 -0.204657425739E-02 -0.420445845031E-02  0.480925975191E-02  0.135946725835E-02 -0.288701404795E-02
 -0.632684552814E-03 -0.110786206317E-01  0.224536648826E-15 -0.561375758940E-02  0.501818249799E-02 -0.868440754888E-03 -0.111333169201E-02  0.993656086179E-03
 -0.129050888452E-01  0.204657425739E-02  0.561375758940E-02  0.956321373258E-16  0.382909109566E-03 -0.148137169306E-02  0.859802831457E-03 -0.291699695428E-03
  0.112320324010E-01  0.420445845031E-02 -0.501818249799E-02 -0.382909109566E-03  0.429737242264E-16  0.927055791007E-03 -0.501114871145E-03  0.137387678131E-03
 -0.380775866979E-02 -0.480925975191E-02  0.868440754888E-03  0.148137169306E-02 -0.927055791007E-03  0.506499837210E-17  0.180753991694E-03 -0.811172262346E-04
  0.410812836983E-02 -0.135946725835E-02  0.111333169201E-02 -0.859802831457E-03  0.501114871145E-03 -0.180753991694E-03  0.158735594915E-17  0.596213751687E-04
 -0.258414897894E-02  0.288701404795E-02 -0.993656086179E-03  0.291699695428E-03 -0.137387678131E-03  0.811172262346E-04 -0.596213751687E-04  0.249910287069E-19
