  0.770952515440     -0.359123944473      0.152080027103E-01  0.321773609689E-02 -0.527365081498E-02 -0.558428843976E-02  0.238800053056E-02  0.506982259708E-02
 -0.359123944473      0.213089860095     -0.184782913273E-01  0.749274426009E-03 -0.268131880812E-02  0.474276346866E-02 -0.480676383687E-03 -0.247072296759E-02
  0.152080027103E-01 -0.184782913273E-01  0.560526606322E-02 -0.430673226853E-02  0.983406283459E-03 -0.235968444106E-03 -0.249526939141E-03  0.364539724934E-03
  0.321773609689E-02  0.749274426009E-03 -0.430673226853E-02  0.897257042412E-02  0.641235215682E-03 -0.677520134640E-03  0.317938808122E-03 -0.722963568931E-03
 -0.527365081498E-02 -0.268131880812E-02  0.983406283459E-03  0.641235215682E-03  0.881384332117E-03 -0.188395975178E-03 -0.139611274931E-03 -0.125904084049E-03
 -0.558428843976E-02  0.474276346866E-02 -0.235968444106E-03 -0.677520134640E-03 -0.188395975178E-03  0.294018936956E-03 -0.475364659323E-04 -0.220327734800E-04
  0.238800053056E-02 -0.480676383687E-03 -0.249526939141E-03  0.317938808122E-03 -0.139611274931E-03 -0.475364659323E-04  0.746796050388E-04 -0.111159942955E-04
  0.506982259708E-02 -0.247072296759E-02  0.364539724934E-03 -0.722963568931E-03 -0.125904084049E-03 -0.220327734800E-04 -0.111159942955E-04  0.129705103893E-03
