  0.544180535173     -0.106366576001     -0.427692441909E-01  0.154910213061E-01  0.784835509509E-02 -0.535640621422E-04 -0.397006264257E-02 -0.789222418693E-03
 -0.106366576001      0.379040173633     -0.844057058475E-01  0.408396420553E-03 -0.364049260250E-02 -0.320702853292E-03  0.343937904579E-02  0.242053348604E-02
 -0.427692441909E-01 -0.844057058475E-01  0.580220828944E-01 -0.160469779719E-01  0.806344166704E-02 -0.964637296698E-03 -0.117353889647E-02 -0.551705244530E-03
  0.154910213061E-01  0.408396420553E-03 -0.160469779719E-01  0.132081503272E-01 -0.593342966345E-02 -0.142605450734E-02  0.863100688572E-03  0.163554407511E-03
  0.784835509509E-02 -0.364049260250E-02  0.806344166704E-02 -0.593342966345E-02  0.468133303495E-02  0.117432022272E-03 -0.433625716894E-03 -0.285282325771E-03
 -0.535640621421E-04 -0.320702853292E-03 -0.964637296698E-03 -0.142605450734E-02  0.117432022272E-03  0.680389306099E-03 -0.158008160652E-03 -0.433433112085E-05
 -0.397006264257E-02  0.343937904579E-02 -0.117353889647E-02  0.863100688572E-03 -0.433625716894E-03 -0.158008160652E-03  0.141581395049E-03  0.244308015173E-04
 -0.789222418693E-03  0.242053348604E-02 -0.551705244530E-03  0.163554407511E-03 -0.285282325771E-03 -0.433433112085E-05  0.244308015173E-04  0.457542364245E-04
