  0.795163907290     -0.190926017351     -0.326712686298E-02 -0.237295293305E-02  0.337227181190E-02  0.158030568484E-02 -0.236257637736E-02  0.205287449184E-02
 -0.190926017351      0.203803227981     -0.807031873461E-03 -0.444070453470E-02 -0.111824559351E-02 -0.197108430221E-02 -0.215689240928E-03 -0.471951532256E-03
 -0.326712686298E-02 -0.807031873461E-03  0.667595340261E-03  0.137082976593E-03 -0.160864517021E-03 -0.506523599104E-04 -0.548253184600E-05  0.422983813723E-05
 -0.237295293305E-02 -0.444070453470E-02  0.137082976593E-03  0.251777598992E-03 -0.134621448885E-04  0.754597740107E-04  0.262148809158E-04 -0.199041826378E-04
  0.337227181190E-02 -0.111824559351E-02 -0.160864517021E-03 -0.134621448885E-04  0.505520389541E-04  0.263584739874E-04 -0.324615961618E-05  0.469121557947E-05
  0.158030568484E-02 -0.197108430221E-02 -0.506523599104E-04  0.754597740107E-04  0.263584739874E-04  0.427195049325E-04  0.397468397019E-05 -0.443406478720E-05
 -0.236257637736E-02 -0.215689240928E-03 -0.548253184600E-05  0.262148809158E-04 -0.324615961618E-05  0.397468397019E-05  0.118448253996E-04 -0.611474801998E-05
  0.205287449184E-02 -0.471951532256E-03  0.422983813723E-05 -0.199041826378E-04  0.469121557947E-05 -0.443406478720E-05 -0.611474801998E-05  0.837542065795E-05
