  0.407340471453E-16  0.763440095824E-02 -0.140414128979E-01 -0.396097348359E-02  0.433966544411E-02 -0.377220403306E-02  0.933534327428E-03 -0.122106590588E-03
 -0.763440095824E-02  0.458403126200E-16 -0.172000892847E-02  0.570483103474E-02  0.725864561865E-03  0.489929787254E-03 -0.160016841035E-02 -0.405226490498E-03
  0.140414128979E-01  0.172000892847E-02 -0.115278510497E-17 -0.501882962660E-03 -0.892369780490E-04 -0.179339886336E-04  0.578061629463E-05  0.763843777143E-04
  0.396097348359E-02 -0.570483103474E-02  0.501882962660E-03  0.227793510857E-21 -0.470312848753E-04  0.119731238665E-03  0.114897142345E-04  0.453194998579E-04
 -0.433966544411E-02 -0.725864561865E-03  0.892369780490E-04  0.470312848753E-04  0.526404852431E-19  0.897037599714E-05  0.312937496150E-04 -0.144924628159E-04
  0.377220403306E-02 -0.489929787254E-03  0.179339886336E-04 -0.119731238665E-03 -0.897037599714E-05 -0.168855544250E-19  0.492209159228E-05  0.232651078318E-04
 -0.933534327428E-03  0.160016841035E-02 -0.578061629463E-05 -0.114897142345E-04 -0.312937496150E-04 -0.492209159228E-05  0.126180304242E-19 -0.825649178312E-05
  0.122106590588E-03  0.405226490498E-03 -0.763843777143E-04 -0.453194998579E-04  0.144924628159E-04 -0.232651078318E-04  0.825649178312E-05  0.385951410483E-20
