  0.525406008743     -0.255794005800      0.522660465515E-01 -0.737000564165E-02  0.418837101742E-02  0.143844333526E-02 -0.483524732986E-02  0.262328310702E-02
 -0.255794005800      0.413525471392     -0.741465255733E-01 -0.814068723051E-02  0.561205486257E-02  0.292745389590E-02 -0.165740195953E-02  0.742540076583E-04
  0.522660465515E-01 -0.741465255733E-01  0.488177065058E-01 -0.891464367559E-02  0.797378897585E-02 -0.410931634058E-02 -0.129122286324E-02  0.190101555982E-02
 -0.737000564165E-02 -0.814068723051E-02 -0.891464367559E-02  0.694482777308E-02 -0.455269825776E-02 -0.402480111347E-03  0.124841632571E-02 -0.747898606885E-03
  0.418837101742E-02  0.561205486257E-02  0.797378897585E-02 -0.455269825776E-02  0.355504628135E-02 -0.157212963310E-03 -0.945746903722E-03  0.566232365267E-03
  0.143844333526E-02  0.292745389590E-02 -0.410931634058E-02 -0.402480111347E-03 -0.157212963310E-03  0.128835542973E-02 -0.197475326662E-03 -0.988627210743E-04
 -0.483524732986E-02 -0.165740195953E-02 -0.129122286324E-02  0.124841632571E-02 -0.945746903722E-03 -0.197475326662E-03  0.338053746016E-03 -0.138790311555E-03
  0.262328310702E-02  0.742540076583E-04  0.190101555982E-02 -0.747898606885E-03  0.566232365267E-03 -0.988627210743E-04 -0.138790311555E-03  0.124530128764E-03
