  0.302934624096     -0.183856950156      0.493229406232E-01 -0.701664882646E-02 -0.101850583314E-01  0.283907741820E-02 -0.322610240102E-02  0.294644487623E-02
 -0.183856950156      0.553449040064     -0.262950390836      0.450340647284E-01 -0.156940576870E-02 -0.556778783598E-02 -0.130477133062E-02  0.793994830394E-02
  0.493229406232E-01 -0.262950390836      0.134933422623     -0.230206794081E-01  0.191666362872E-02  0.186998292386E-02  0.334766181715E-03 -0.349363455683E-02
 -0.701664882646E-02  0.450340647284E-01 -0.230206794081E-01  0.576910319582E-02 -0.314848625321E-03  0.225531994214E-03 -0.643123833449E-03  0.663025616262E-03
 -0.101850583314E-01 -0.156940576870E-02  0.191666362872E-02 -0.314848625321E-03  0.850044265707E-03 -0.835553405905E-05  0.292313293156E-03 -0.505412910077E-03
  0.283907741820E-02 -0.556778783598E-02  0.186998292386E-02  0.225531994214E-03 -0.835553405905E-05  0.574873933302E-03 -0.354400031196E-03 -0.220364122559E-03
 -0.322610240102E-02 -0.130477133062E-02  0.334766181715E-03 -0.643123833449E-03  0.292313293156E-03 -0.354400031196E-03  0.882401377457E-03 -0.366612205842E-03
  0.294644487623E-02  0.793994830394E-02 -0.349363455683E-02  0.663025616262E-03 -0.505412910077E-03 -0.220364122559E-03 -0.366612205842E-03  0.606490445072E-03
