  0.216646606778     -0.144788157350      0.559097834681E-01 -0.198211785952E-02 -0.499272550138E-02  0.564370943752E-03  0.874236871713E-03 -0.123759642535E-02
 -0.144788157350      0.509307279025     -0.339657280324      0.100472810024     -0.164126603728E-01  0.654803229362E-03  0.571256597154E-02 -0.200464746150E-02
  0.559097834681E-01 -0.339657280324      0.239482141251     -0.725795350620E-01  0.153069084332E-01 -0.350186655493E-02 -0.353503376056E-02  0.187144960019E-02
 -0.198211785952E-02  0.100472810024     -0.725795350620E-01  0.255046143943E-01 -0.440908042404E-02 -0.147369158450E-02  0.250660541820E-02 -0.908595102415E-03
 -0.499272550138E-02 -0.164126603728E-01  0.153069084332E-01 -0.440908042404E-02  0.265131852817E-02 -0.150471680311E-02 -0.501157632065E-03  0.618959418990E-03
  0.564370943752E-03  0.654803229362E-03 -0.350186655493E-02 -0.147369158450E-02 -0.150471680311E-02  0.356866284724E-02 -0.193979295850E-02  0.416638260654E-03
  0.874236871713E-03  0.571256597154E-02 -0.353503376056E-02  0.250660541820E-02 -0.501157632065E-03 -0.193979295850E-02  0.229867410849E-02 -0.100126529078E-02
 -0.123759642535E-02 -0.200464746150E-02  0.187144960019E-02 -0.908595102415E-03  0.618959418990E-03  0.416638260654E-03 -0.100126529078E-02  0.540703067987E-03
