 -0.144717719432E-16  0.413258901562E-01 -0.197923618869E-01 -0.759073810126E-02  0.695496838203E-02  0.248188801125E-02 -0.260443550313E-02  0.150759153862E-03
 -0.413258901562E-01 -0.300338500082E-16 -0.207702249577E-01  0.179489300414E-01  0.318564443449E-02 -0.403372617198E-02 -0.280801648614E-02  0.567334666276E-03
  0.197923618869E-01  0.207702249577E-01  0.923761719007E-18  0.443179049398E-02 -0.300729207569E-02  0.348532372018E-03  0.292104214171E-03 -0.131612561268E-03
  0.759073810126E-02 -0.179489300414E-01 -0.443179049398E-02  0.866350733478E-17  0.116299417539E-02 -0.162635845590E-03  0.854083364960E-04  0.791162711353E-04
 -0.695496838203E-02 -0.318564443449E-02  0.300729207569E-02 -0.116299417539E-02  0.276545952976E-18  0.174533488833E-03  0.396145100556E-04 -0.185151055674E-04
 -0.248188801125E-02  0.403372617198E-02 -0.348532372018E-03  0.162635845590E-03 -0.174533488833E-03 -0.324407478914E-19  0.109378754767E-04 -0.189559423815E-04
  0.260443550313E-02  0.280801648614E-02 -0.292104214171E-03 -0.854083364960E-04 -0.396145100556E-04 -0.109378754767E-04 -0.838147843849E-20 -0.284316105584E-05
 -0.150759153862E-03 -0.567334666276E-03  0.131612561268E-03 -0.791162711353E-04  0.185151055674E-04  0.189559423815E-04  0.284316105584E-05  0.184951171889E-21
