 -0.386102099014E-17 -0.408971619291E-02  0.201190368846E-01 -0.643174801176E-02 -0.343027060511E-02  0.677229150762E-02 -0.460277338825E-02  0.146045940144E-02
  0.408971619291E-02  0.884095542802E-16  0.139965210618E-01 -0.251200352154E-01  0.158943227910E-01 -0.495607546588E-02  0.345787110217E-02  0.130421573801E-02
 -0.201190368846E-01 -0.139965210618E-01  0.103941032973E-16  0.125056618122E-01 -0.956478864176E-02  0.118666867116E-02 -0.174288129475E-02 -0.153811552956E-02
  0.643174801176E-02  0.251200352154E-01 -0.125056618122E-01  0.550195491094E-17  0.168769286269E-02  0.860434865111E-03 -0.684127197539E-04  0.849940564047E-03
  0.343027060511E-02 -0.158943227910E-01  0.956478864176E-02 -0.168769286269E-02  0.496976012582E-18 -0.610907723391E-03  0.208170569216E-03 -0.333416303381E-03
 -0.677229150762E-02  0.495607546588E-02 -0.118666867116E-02 -0.860434865111E-03  0.610907723391E-03  0.465344337240E-18  0.389720886467E-05  0.859415141756E-04
  0.460277338825E-02 -0.345787110217E-02  0.174288129475E-02  0.684127197540E-04 -0.208170569216E-03 -0.389720886467E-05  0.661330284459E-18 -0.375212216019E-04
 -0.146045940144E-02 -0.130421573801E-02  0.153811552956E-02 -0.849940564047E-03  0.333416303381E-03 -0.859415141756E-04  0.375212216019E-04  0.116621421588E-18
