  0.948999891476     -0.136223739869      0.582687272658E-02  0.314463681325E-02 -0.409929792840E-02  0.104758371718E-02 -0.274697290033E-02  0.213608917192E-02
 -0.136223739869      0.497057995461E-01 -0.232265954522E-02 -0.928046912414E-03  0.802056667234E-03 -0.560651639316E-03  0.138360833768E-03 -0.272792933702E-03
  0.582687272658E-02 -0.232265954522E-02  0.109114182307E-02  0.155969363700E-03  0.131610237345E-04 -0.502142470719E-04 -0.660369377519E-04  0.326207531369E-04
  0.314463681325E-02 -0.928046912414E-03  0.155969363700E-03  0.147118471875E-03 -0.848582600695E-05 -0.135595150116E-04 -0.115684594720E-04  0.213378459454E-05
 -0.409929792840E-02  0.802056667234E-03  0.131610237345E-04 -0.848582600695E-05  0.217214257990E-04 -0.116154336036E-04  0.699329812335E-05 -0.810177275388E-05
  0.104758371718E-02 -0.560651639316E-03 -0.502142470719E-04 -0.135595150116E-04 -0.116154336036E-04  0.146062765077E-04  0.520986702530E-05  0.110508310039E-05
 -0.274697290033E-02  0.138360833768E-03 -0.660369377519E-04 -0.115684594720E-04  0.699329812335E-05  0.520986702530E-05  0.140144847773E-04 -0.783816630675E-05
  0.213608917192E-02 -0.272792933702E-03  0.326207531369E-04  0.213378459454E-05 -0.810177275388E-05  0.110508310039E-05 -0.783816630675E-05  0.570649621228E-05
