  0.854025029648     -0.248752429112     -0.426546914710E-02 -0.113481192808E-02 -0.248130864192E-03  0.190283666916E-03 -0.345018172663E-02 -0.315570893704E-03
 -0.248752429112      0.144325690529     -0.663800543567E-02  0.255918444040E-03 -0.247870067781E-03 -0.988893789698E-03  0.981129860994E-03  0.562606934134E-03
 -0.426546914710E-02 -0.663800543567E-02  0.120915452836E-02 -0.190727596171E-03  0.227017272894E-04  0.174936364679E-03 -0.182507964435E-04 -0.435524374726E-04
 -0.113481192808E-02  0.255918444040E-03 -0.190727596171E-03  0.344762422432E-03 -0.527235081347E-04 -0.982191046794E-04  0.596934297576E-04  0.353853870030E-04
 -0.248130864192E-03 -0.247870067781E-03  0.227017272894E-04 -0.527235081347E-04  0.200508049083E-04  0.162087441806E-04 -0.627547508102E-05 -0.137447272941E-04
  0.190283666916E-03 -0.988893789698E-03  0.174936364679E-03 -0.982191046794E-04  0.162087441806E-04  0.417434058100E-04 -0.167200889748E-04 -0.144105999100E-04
 -0.345018172663E-02  0.981129860994E-03 -0.182507964435E-04  0.596934297576E-04 -0.627547508102E-05 -0.167200889748E-04  0.229251809851E-04  0.609040799130E-05
 -0.315570893704E-03  0.562606934134E-03 -0.435524374726E-04  0.353853870030E-04 -0.137447272941E-04 -0.144105999100E-04  0.609040799130E-05  0.106434802876E-04
