  0.257724487251E-18  0.213709554494E-01 -0.113098119019E-01 -0.115528432272E-01  0.491625823220E-02 -0.415924593497E-02 -0.840035352875E-03  0.148053775166E-02
 -0.213709554494E-01 -0.390427816985E-17 -0.871781775845E-02  0.315652704953E-02 -0.279649251786E-02  0.976736208645E-03  0.156165265866E-02  0.875421086892E-04
  0.113098119019E-01  0.871781775845E-02 -0.599498546867E-18 -0.468787447496E-03  0.268162570402E-03 -0.101292615449E-03 -0.127881399107E-03 -0.387499763772E-04
  0.115528432272E-01 -0.315652704953E-02  0.468787447496E-03 -0.384289307062E-18  0.586908021868E-04  0.788849548249E-05 -0.954142964410E-04  0.125485559110E-04
 -0.491625823220E-02  0.279649251786E-02 -0.268162570402E-03 -0.586908021868E-04 -0.580938460095E-19 -0.172921420801E-04  0.374727631406E-04 -0.109462643934E-04
  0.415924593497E-02 -0.976736208645E-03  0.101292615449E-03 -0.788849548249E-05  0.172921420801E-04 -0.313895208832E-19 -0.286184208100E-04  0.686943241216E-05
  0.840035352875E-03 -0.156165265866E-02  0.127881399107E-03  0.954142964410E-04 -0.374727631406E-04  0.286184208100E-04 -0.826878970140E-19  0.402683705518E-06
 -0.148053775166E-02 -0.875421086892E-04  0.387499763772E-04 -0.125485559110E-04  0.109462643934E-04 -0.686943241216E-05 -0.402683705518E-06  0.244464286175E-19
