  0.305210853861     -0.264958392310      0.101164562731     -0.137966830379E-01 -0.107693061850E-01  0.101239462013E-01 -0.617541504945E-02  0.176567392242E-02
 -0.264958392310      0.564936341509     -0.252306422950      0.442913939851E-01 -0.186330795937E-02  0.127689413867E-02 -0.188432280423E-02  0.336408285455E-02
  0.101164562731     -0.252306422950      0.117713103246     -0.202772188563E-01  0.167741690961E-02 -0.252609548374E-03 -0.153036194588E-03 -0.154882257694E-02
 -0.137966830379E-01  0.442913939851E-01 -0.202772188563E-01  0.508554726720E-02 -0.124888464886E-02 -0.887451249301E-04 -0.828228639109E-03  0.131777125411E-02
 -0.107693061850E-01 -0.186330795937E-02  0.167741690961E-02 -0.124888464886E-02  0.133313595736E-02 -0.599327990605E-03  0.109339156509E-02 -0.103480906769E-02
  0.101239462013E-01  0.127689413867E-02 -0.252609548374E-03 -0.887451249300E-04 -0.599327990605E-03  0.246395223047E-02 -0.154432638825E-02 -0.239286650165E-03
 -0.617541504945E-02 -0.188432280423E-02 -0.153036194588E-03 -0.828228639109E-03  0.109339156509E-02 -0.154432638825E-02  0.193679170835E-02 -0.881565213224E-03
  0.176567392242E-02  0.336408285455E-02 -0.154882257694E-02  0.131777125411E-02 -0.103480906769E-02 -0.239286650165E-03 -0.881565213224E-03  0.132027422024E-02
