 -0.550078771700E-17  0.651822110416E-02 -0.567338680587E-02 -0.119531983079E-01  0.151727846577E-01 -0.119768746560E-01  0.126459479072E-02  0.349843293144E-03
 -0.651822110416E-02  0.216211694053E-16  0.247030760657E-01  0.976723857646E-02  0.596846712516E-03  0.644670789858E-02 -0.747263329364E-02  0.190489014161E-02
  0.567338680587E-02 -0.247030760657E-01  0.260358564967E-16 -0.865160087538E-02 -0.103649391037E-01 -0.709680207790E-03 -0.164041441134E-03  0.506092618711E-02
  0.119531983079E-01 -0.976723857646E-02  0.865160087538E-02  0.440042645015E-18  0.535059842905E-02 -0.105389071644E-02  0.197831267384E-02 -0.293708016370E-02
 -0.151727846577E-01 -0.596846712516E-03  0.103649391037E-01 -0.535059842905E-02 -0.129934814348E-16  0.194918555327E-03  0.674743325620E-03  0.442899635720E-04
  0.119768746560E-01 -0.644670789858E-02  0.709680207790E-03  0.105389071644E-02 -0.194918555327E-03 -0.242838348545E-17  0.606636255905E-03 -0.483117084405E-03
 -0.126459479071E-02  0.747263329364E-02  0.164041441134E-03 -0.197831267384E-02 -0.674743325620E-03 -0.606636255905E-03 -0.311289426659E-17  0.893053366098E-03
 -0.349843293144E-03 -0.190489014161E-02 -0.506092618711E-02  0.293708016370E-02 -0.442899635720E-04  0.483117084405E-03 -0.893053366098E-03 -0.413692290447E-17
