  0.286463601607     -0.315641915317      0.149997317874     -0.273267969483E-01  0.593909890259E-02  0.159179234876E-02 -0.648275811006E-02  0.426804483874E-02
 -0.315641915317      0.576050943151     -0.271930375882      0.413299777782E-01 -0.938218342714E-02  0.295786773674E-02  0.211068892779E-02  0.153229770366E-03
  0.149997317874     -0.271930375882      0.129739968882     -0.201052847405E-01  0.505121755045E-02 -0.214067848478E-02 -0.745395421467E-03 -0.975238449996E-04
 -0.273267969483E-01  0.413299777782E-01 -0.201052847405E-01  0.395419311411E-02 -0.695479822155E-03 -0.279750361328E-03  0.521951474876E-03 -0.255645969522E-04
  0.593909890259E-02 -0.938218342714E-02  0.505121755045E-02 -0.695479822155E-03  0.610298385828E-03 -0.716105053882E-03  0.185729364647E-03  0.511438719318E-04
  0.159179234876E-02  0.295786773674E-02 -0.214067848478E-02 -0.279750361328E-03 -0.716105053882E-03  0.189615798311E-02 -0.119965811417E-02  0.151921188373E-03
 -0.648275811006E-02  0.211068892779E-02 -0.745395421467E-03  0.521951474876E-03  0.185729364647E-03 -0.119965811417E-02  0.105982321488E-02 -0.299078991964E-03
  0.426804483874E-02  0.153229770367E-03 -0.975238449996E-04 -0.255645969522E-04  0.511438719318E-04  0.151921188373E-03 -0.299078991964E-03  0.225013662297E-03
