  0.518675393358     -0.222714781610     -0.300586469284E-01  0.541131853396E-01 -0.217485386678E-01 -0.366686265439E-02  0.115348139277E-01 -0.593892429162E-02
 -0.222714781610      0.302881392952     -0.719179650359E-01 -0.443963043524E-01  0.317312976682E-01 -0.152793332709E-01  0.131335447145E-02  0.594010233076E-02
 -0.300586469284E-01 -0.719179650359E-01  0.812531301102E-01 -0.390410112427E-01  0.126069796568E-01  0.398815896232E-02 -0.113712439218E-03 -0.326579244704E-02
  0.541131853396E-01 -0.443963043524E-01 -0.390410112427E-01  0.671813370950E-01 -0.363673263010E-01  0.595659891573E-02 -0.756022337195E-03 -0.908265076419E-04
 -0.217485386678E-01  0.317312976682E-01  0.126069796568E-01 -0.363673263010E-01  0.242743857821E-01 -0.555535858103E-02  0.113455528780E-02  0.243897172230E-03
 -0.366686265439E-02 -0.152793332709E-01  0.398815896232E-02  0.595659891573E-02 -0.555535858103E-02  0.320665282665E-02 -0.132044667823E-02  0.578158699257E-04
  0.115348139277E-01  0.131335447145E-02 -0.113712439218E-03 -0.756022337195E-03  0.113455528780E-02 -0.132044667823E-02  0.180872639991E-02 -0.898816715271E-03
 -0.593892429162E-02  0.594010233076E-02 -0.326579244704E-02 -0.908265076419E-04  0.243897172230E-03  0.578158699257E-04 -0.898816715271E-03  0.718981475958E-03
