 -0.211890313219E-16  0.116005628584E-01  0.120842352614E-01 -0.211668730243E-01  0.537132454818E-02  0.480859041613E-02
 -0.116005628584E-01 -0.193812912798E-16  0.305562280753E-01 -0.415815960633E-01  0.138247630566E-01 -0.134886122855E-02
 -0.120842352614E-01 -0.305562280753E-01 -0.243811493126E-16 -0.101866564475E-02  0.596901870583E-02 -0.296433473947E-02
  0.211668730243E-01  0.415815960633E-01  0.101866564475E-02  0.143138240914E-16 -0.407117422401E-02  0.216921644911E-02
 -0.537132454818E-02 -0.138247630566E-01 -0.596901870583E-02  0.407117422401E-02  0.261904990965E-17 -0.737200273464E-03
 -0.480859041613E-02  0.134886122855E-02  0.296433473947E-02 -0.216921644911E-02  0.737200273464E-03  0.438352814089E-18
