  0.179714735280E-17  0.776276204878E-02 -0.147093477326E-01  0.194821078712E-01 -0.651728579034E-02 -0.693554013767E-02
 -0.776276204878E-02  0.140989108452E-16  0.421364495526E-01 -0.276785125347E-01 -0.149531665298E-01  0.554964064505E-02
  0.147093477326E-01 -0.421364495526E-01 -0.139690524558E-16 -0.728712879453E-02  0.854678744249E-02 -0.791420876785E-03
 -0.194821078712E-01  0.276785125347E-01  0.728712879453E-02 -0.399430492283E-17 -0.653592459275E-02  0.135975425914E-02
  0.651728579034E-02  0.149531665298E-01 -0.854678744249E-02  0.653592459275E-02 -0.584362752135E-18 -0.848237348322E-03
  0.693554013767E-02 -0.554964064505E-02  0.791420876785E-03 -0.135975425914E-02  0.848237348322E-03 -0.201309489761E-18
