 -0.170665696521E-16 -0.183415403482E-01  0.158065598904E-01  0.829762898829E-02 -0.569619203498E-02 -0.196987935432E-02
  0.183415403482E-01 -0.293332683507E-17  0.246046468560E-01 -0.150975590164E-01 -0.124074989057E-02  0.417101605279E-02
 -0.158065598904E-01 -0.246046468560E-01 -0.282912339510E-17  0.135751115062E-02 -0.515589261774E-02  0.309205059520E-02
 -0.829762898829E-02  0.150975590164E-01 -0.135751115062E-02  0.766937318157E-17  0.574276065660E-02 -0.401160949150E-02
  0.569619203498E-02  0.124074989057E-02  0.515589261774E-02 -0.574276065660E-02  0.358459833487E-17  0.932397418640E-03
  0.196987935432E-02 -0.417101605279E-02 -0.309205059520E-02  0.401160949150E-02 -0.932397418640E-03  0.564001118822E-17
