  0.286223134165     -0.235212443910      0.854186273681E-01 -0.196877803701E-01  0.458620160027E-02 -0.315607399179E-02
 -0.235212443910      0.580276813887     -0.197221576804      0.461432205048E-02  0.597183500208E-02  0.185484472972E-02
  0.854186273681E-01 -0.197221576804      0.105882887273     -0.304351785211E-01  0.715965132618E-02 -0.266805900748E-02
 -0.196877803701E-01  0.461432205048E-02 -0.304351785211E-01  0.241086345518E-01 -0.817265350017E-02  0.177170601384E-02
  0.458620160027E-02  0.597183500208E-02  0.715965132618E-02 -0.817265350017E-02  0.319363222253E-02 -0.764918534634E-03
 -0.315607399179E-02  0.185484472972E-02 -0.266805900748E-02  0.177170601384E-02 -0.764918534634E-03  0.314897900096E-03
