  0.520031149803     -0.339625037873     -0.129761836474E-01 -0.245954010420E-02 -0.172966457872E-02  0.909176597420E-03
 -0.339625037873      0.378183021338     -0.510914489031E-01  0.250854374215E-01 -0.517255030236E-02 -0.152067053781E-02
 -0.129761836474E-01 -0.510914489031E-01  0.818846901215E-01 -0.228075481777E-01 -0.281934080234E-02  0.110938105545E-02
 -0.245954010420E-02  0.250854374215E-01 -0.228075481777E-01  0.174374579437E-01  0.216598021319E-03 -0.705194071252E-03
 -0.172966457872E-02 -0.517255030236E-02 -0.281934080234E-02  0.216598021319E-03  0.193916135096E-02 -0.599763994051E-03
  0.909176597420E-03 -0.152067053781E-02  0.110938105545E-02 -0.705194071252E-03 -0.599763994051E-03  0.524519443291E-03
