  0.757408941531     -0.178232860494     -0.187015508124E-01  0.113774951976E-01  0.225902802447E-04 -0.199953128582E-02
 -0.178232860494      0.210881839821     -0.557639297243E-01  0.576994860516E-04 -0.696802226755E-03  0.223201647376E-03
 -0.187015508124E-01 -0.557639297243E-01  0.290149701624E-01 -0.446607632247E-02  0.244759493206E-03  0.407409865876E-03
  0.113774951976E-01  0.576994860516E-04 -0.446607632247E-02  0.247655605213E-02 -0.356827640167E-03 -0.156813768255E-03
  0.225902802447E-04 -0.696802226755E-03  0.244759493206E-03 -0.356827640167E-03  0.176963917134E-03 -0.240837070290E-04
 -0.199953128582E-02  0.223201647376E-03  0.407409865876E-03 -0.156813768255E-03 -0.240837070290E-04  0.407285168209E-04
