  0.767623359221     -0.205544770984     -0.160831317236E-01  0.921210010159E-02 -0.169234540277E-02  0.750927289729E-03
 -0.205544770984      0.189922121889     -0.435421532888E-01 -0.207699156148E-02 -0.888037457199E-03  0.129037234913E-03
 -0.160831317236E-01 -0.435421532888E-01  0.364564028092E-01 -0.105398343902E-01  0.836808760142E-03  0.533647554700E-03
  0.921210010159E-02 -0.207699156148E-02 -0.105398343902E-01  0.580492108286E-02 -0.388105239251E-03 -0.332892540719E-03
 -0.169234540277E-02 -0.888037457199E-03  0.836808760142E-03 -0.388105239251E-03  0.167795811352E-03 -0.318576153001E-05
  0.750927289729E-03  0.129037234913E-03  0.533647554700E-03 -0.332892540719E-03 -0.318576153001E-05  0.253991858591E-04
