  0.931944103095     -0.140871853902      0.630471208298E-02 -0.265820124751E-02  0.158501245074E-02 -0.174065003399E-02
 -0.140871853902      0.586007733399E-01  0.115385258928E-02 -0.111556034599E-02  0.923174439574E-03 -0.519244093365E-03
  0.630471208298E-02  0.115385258928E-02  0.575404759737E-02 -0.791746971389E-03 -0.640142772164E-03  0.273589474632E-03
 -0.265820124751E-02 -0.111556034599E-02 -0.791746971389E-03  0.266906826332E-02 -0.125536868749E-02  0.270654505401E-03
  0.158501245074E-02  0.923174439574E-03 -0.640142772164E-03 -0.125536868749E-02  0.933001437680E-03 -0.268561418709E-03
 -0.174065003399E-02 -0.519244093365E-03  0.273589474632E-03  0.270654505401E-03 -0.268561418709E-03  0.990062666381E-04
