  0.865397247154E-17  0.227825037578E-01 -0.111746003107E-01  0.198398062629E-02  0.364298874246E-02 -0.490050900202E-02
 -0.227825037578E-01  0.570436721453E-17  0.667243692256E-02  0.772847511089E-02 -0.538617407095E-02  0.152807364458E-02
  0.111746003107E-01 -0.667243692256E-02  0.138201033836E-16  0.850240615826E-02 -0.850393860753E-02  0.468285341058E-02
 -0.198398062629E-02 -0.772847511089E-02 -0.850240615826E-02  0.200925926398E-16 -0.997853146919E-03  0.166447522388E-02
 -0.364298874246E-02  0.538617407095E-02  0.850393860753E-02  0.997853146919E-03  0.158453017084E-17 -0.180758384442E-02
  0.490050900202E-02 -0.152807364458E-02 -0.468285341058E-02 -0.166447522388E-02  0.180758384442E-02  0.131028456435E-17
