  0.332345459948     -0.277788899876E-01 -0.565184694965E-01 -0.100734539686E-01  0.162162831473E-01 -0.744496197613E-02
 -0.277788899876E-01  0.422014527796     -0.238049426411      0.483656767196E-01  0.457315660463E-02 -0.554898343054E-02
 -0.565184694965E-01 -0.238049426411      0.209723156669     -0.608878690834E-01 -0.214769624075E-03  0.476779157063E-02
 -0.100734539686E-01  0.483656767196E-01 -0.608878690834E-01  0.306959396905E-01 -0.687104932967E-02  0.856682335848E-03
  0.162162831473E-01  0.457315660463E-02 -0.214769624075E-03 -0.687104932967E-02  0.441774280771E-02 -0.155822666542E-02
 -0.744496197613E-02 -0.554898343054E-02  0.476779157063E-02  0.856682335848E-03 -0.155822666542E-02  0.803173088818E-03
