 -0.111290700702E-16  0.233659987008E-01  0.184877781629E-01 -0.114732806861E-01  0.658740919585E-03  0.626929419273E-02
 -0.233659987008E-01  0.263028188950E-17 -0.163738120819E-01 -0.957769476707E-02  0.177056127927E-01 -0.803699786180E-02
 -0.184877781629E-01  0.163738120819E-01 -0.133375142982E-16  0.149433342860E-01 -0.132412132721E-01  0.319611425093E-02
  0.114732806861E-01  0.957769476707E-02 -0.149433342860E-01 -0.857260977148E-16  0.347796437623E-02 -0.138211652297E-02
 -0.658740919585E-03 -0.177056127927E-01  0.132412132721E-01 -0.347796437623E-02 -0.229529315829E-16  0.559358879713E-03
 -0.626929419273E-02  0.803699786180E-02 -0.319611425093E-02  0.138211652297E-02 -0.559358879713E-03 -0.142622227750E-17
