  0.465319409970     -0.391710002643      0.686884424644E-01 -0.425587484763E-02 -0.201049060055E-02  0.146844574289E-02
 -0.391710002643      0.466950640607     -0.978952459136E-01  0.560635435426E-02  0.201038515843E-02 -0.497791562713E-03
  0.686884424644E-01 -0.978952459136E-01  0.609029140736E-01 -0.159367880348E-01  0.300174783430E-02 -0.726594354160E-03
 -0.425587484763E-02  0.560635435426E-02 -0.159367880348E-01  0.627405385817E-02 -0.152786959379E-02  0.401087184413E-03
 -0.201049060055E-02  0.201038515843E-02  0.300174783430E-02 -0.152786959379E-02  0.501828268815E-03 -0.124428817651E-03
  0.146844574289E-02 -0.497791562713E-03 -0.726594354160E-03  0.401087184413E-03 -0.124428817651E-03  0.511532224303E-04
