  0.708512356990     -0.113565405103      0.170321088699E-01 -0.513583527686E-02 -0.135550320171E-01 -0.244952571370E-01
 -0.113565405103      0.237932070388     -0.218684414234E-01  0.151664247435E-01 -0.102450307898E-01  0.233705499078E-02
  0.170321088699E-01 -0.218684414234E-01  0.246569109232E-01 -0.120026828242E-01 -0.118228671150E-01  0.829221851901E-03
 -0.513583527686E-02  0.151664247435E-01 -0.120026828242E-01  0.153995779210E-01  0.112687668610E-02 -0.839502749261E-03
 -0.135550320171E-01 -0.102450307898E-01 -0.118228671150E-01  0.112687668610E-02  0.112918520725E-01  0.103373258689E-02
 -0.244952571370E-01  0.233705499078E-02  0.829221851901E-03 -0.839502749261E-03  0.103373258689E-02  0.220723170544E-02
