 -0.797321829485E-16 -0.780509960994E-02  0.409460771795E-03 -0.188579419347E-02  0.322773077772E-03  0.105626567228E-02
  0.780509960994E-02 -0.158682028761E-16  0.247515743860E-01 -0.162221987899E-01  0.334405453096E-02 -0.677911890964E-03
 -0.409460771795E-03 -0.247515743860E-01 -0.356797952020E-16 -0.228503328834E-02  0.265635456340E-02 -0.799734029055E-03
  0.188579419347E-02  0.162221987899E-01  0.228503328834E-02  0.243801987600E-16 -0.113347391891E-02  0.322225873451E-03
 -0.322773077772E-03 -0.334405453096E-02 -0.265635456340E-02  0.113347391891E-02  0.188031327161E-17 -0.184795555156E-04
 -0.105626567228E-02  0.677911890964E-03  0.799734029055E-03 -0.322225873451E-03  0.184795555156E-04  0.370599727676E-19
