  0.740522285656E-17  0.339028412940E-03 -0.492507890089E-02 -0.251132010356E-01  0.474623531292E-02 -0.279623855274E-02
 -0.339028412940E-03  0.165549688337E-17  0.634187770143E-03  0.158451469779E-02 -0.303720761324E-03  0.237705552114E-03
  0.492507890089E-02 -0.634187770143E-03 -0.353349269010E-20 -0.436278992591E-02  0.833061870852E-03  0.511439477964E-04
  0.251132010356E-01 -0.158451469779E-02  0.436278992591E-02  0.233921660729E-18 -0.169777226066E-03  0.105468313041E-04
 -0.474623531292E-02  0.303720761324E-03 -0.833061870852E-03  0.169777226066E-03  0.130617001799E-18  0.105511463664E-05
  0.279623855274E-02 -0.237705552114E-03 -0.511439477964E-04 -0.105468313041E-04 -0.105511463664E-05  0.330014883320E-20
