  0.426052672052     -0.756427481380E-01 -0.135188833306      0.531568864305E-01 -0.237645934778E-01  0.187411655114E-01
 -0.756427481380E-01  0.247335436099     -0.118376128533      0.534949560619E-01 -0.106980263299E-01  0.285160626135E-02
 -0.135188833306     -0.118376128533      0.227467720863     -0.108143751362      0.151100918806E-01 -0.334986366275E-02
  0.531568864305E-01  0.534949560619E-01 -0.108143751362      0.679399281673E-01 -0.198123104901E-01  0.670736798929E-02
 -0.237645934778E-01 -0.106980263299E-01  0.151100918806E-01 -0.198123104901E-01  0.227761168272E-01 -0.117008268736E-01
  0.187411655114E-01  0.285160626135E-02 -0.334986366275E-02  0.670736798929E-02 -0.117008268736E-01  0.842812599028E-02
