 -0.100396458981E-15 -0.127205601857E-02 -0.191458616574E-01  0.196445275792E-01  0.377019166764E-02 -0.397178954338E-02
  0.127205601857E-02  0.151666125985E-15  0.206667613051E-01 -0.940185235035E-02 -0.667321914676E-03  0.171801752846E-02
  0.191458616574E-01 -0.206667613051E-01 -0.524955606087E-16 -0.482255890408E-02  0.549434569588E-02 -0.434043016379E-02
 -0.196445275792E-01  0.940185235035E-02  0.482255890408E-02 -0.265192978533E-16 -0.201900094007E-02  0.829677304118E-03
 -0.377019166764E-02  0.667321914676E-03 -0.549434569588E-02  0.201900094007E-02 -0.229570526448E-17 -0.726667106716E-03
  0.397178954338E-02 -0.171801752846E-02  0.434043016379E-02 -0.829677304118E-03  0.726667106716E-03  0.254385116815E-17
