 -0.147859493996E-17  0.222859456653E-01  0.159076337747E-01 -0.141348029272E-01 -0.301043064142E-02  0.318679100982E-02
 -0.222859456653E-01 -0.143309291462E-16  0.264977258030E-01 -0.379037064963E-01 -0.108303617103E-01  0.639924003822E-02
 -0.159076337747E-01 -0.264977258030E-01 -0.753478198266E-17 -0.635168328783E-02  0.119687093499E-01 -0.155689919757E-02
  0.141348029272E-01  0.379037064963E-01  0.635168328783E-02 -0.104610481560E-16 -0.740588322878E-02  0.202832893712E-02
  0.301043064142E-02  0.108303617103E-01 -0.119687093499E-01  0.740588322878E-02 -0.238907721401E-17 -0.122971601873E-02
 -0.318679100982E-02 -0.639924003822E-02  0.155689919757E-02 -0.202832893712E-02  0.122971601873E-02 -0.299739069843E-18
