  0.449771516321     -0.155276607533     -0.790877677581E-01  0.828792822403E-01 -0.395522876290E-01  0.111878297470E-01
 -0.155276607533      0.197047592333     -0.805769061149E-01  0.101541131121E-01 -0.711883907897E-03  0.710828132727E-03
 -0.790877677581E-01 -0.805769061149E-01  0.210159073760     -0.130220168864      0.439015031437E-01 -0.108322052363E-01
  0.828792822403E-01  0.101541131121E-01 -0.130220168864      0.106700178750     -0.464367776154E-01  0.114659117389E-01
 -0.395522876290E-01 -0.711883907897E-03  0.439015031437E-01 -0.464367776154E-01  0.307254546337E-01 -0.106894902721E-01
  0.111878297470E-01  0.710828132727E-03 -0.108322052363E-01  0.114659117389E-01 -0.106894902721E-01  0.559618420278E-02
