  0.408903675379E-17  0.512856532789E-02  0.135543170990E-01 -0.149106258332E-01  0.735457750792E-02 -0.979402784894E-02
 -0.512856532789E-02  0.104089550450E-15  0.213163167945E-01 -0.720415815159E-02  0.109953907311E-01 -0.489492424401E-03
 -0.135543170990E-01 -0.213163167945E-01  0.104424439905E-15 -0.378965571667E-02 -0.634135277786E-03 -0.371356843780E-03
  0.149106258332E-01  0.720415815159E-02  0.378965571667E-02  0.708146819634E-16 -0.436679671293E-02  0.194012142329E-02
 -0.735457750792E-02 -0.109953907311E-01  0.634135277786E-03  0.436679671293E-02  0.302907346021E-16 -0.184991014641E-02
  0.979402784894E-02  0.489492424401E-03  0.371356843780E-03 -0.194012142329E-02  0.184991014641E-02 -0.193167158337E-18
