  0.309784229287     -0.490093434166E-01 -0.105350676733E-01  0.227968046326E-02 -0.177751723342E-02 -0.270209562670E-02
 -0.490093434166E-01  0.469609819307     -0.191257583516      0.125698659868E-01 -0.324679777857E-02  0.938904151975E-02
 -0.105350676733E-01 -0.191257583516      0.157141779188     -0.670960851789E-01  0.170617637526E-01 -0.225757345144E-02
  0.227968046326E-02  0.125698659868E-01 -0.670960851789E-01  0.560589961289E-01 -0.171560763507E-01  0.320098382117E-03
 -0.177751723342E-02 -0.324679777857E-02  0.170617637526E-01 -0.171560763507E-01  0.670585429570E-02 -0.812872930998E-03
 -0.270209562670E-02  0.938904151975E-02 -0.225757345144E-02  0.320098382117E-03 -0.812872930998E-03  0.699321793330E-03
