  0.319695479286     -0.314098481226      0.167561073639     -0.555291539488E-01  0.123047877970E-01 -0.934910846062E-03
 -0.314098481226      0.483268948483     -0.241414123707      0.512150726558E-01  0.359687947697E-02  0.996290941713E-03
  0.167561073639     -0.241414123707      0.158974451310     -0.528268482647E-01  0.507893140974E-02 -0.255211568579E-02
 -0.555291539488E-01  0.512150726558E-01 -0.528268482647E-01  0.302456290041E-01 -0.848175628756E-02  0.101239358737E-02
  0.123047877970E-01  0.359687947697E-02  0.507893140974E-02 -0.848175628756E-02  0.664315947291E-02 -0.121592349339E-02
 -0.934910846062E-03  0.996290941713E-03 -0.255211568579E-02  0.101239358737E-02 -0.121592349339E-02  0.117233244421E-02
