  0.605987913540     -0.229440987036      0.110180409149E-01 -0.705601801708E-03 -0.413999538301E-02  0.248156176851E-03
 -0.229440987036      0.350234283080     -0.547377319321E-01  0.209977586042E-01 -0.738505858148E-02  0.207726186137E-02
  0.110180409149E-01 -0.547377319321E-01  0.292618349680E-01 -0.118321847704E-01 -0.282875616493E-02  0.153927184512E-02
 -0.705601801708E-03  0.209977586042E-01 -0.118321847704E-01  0.122213860780E-01 -0.930250529920E-03 -0.439198299589E-03
 -0.413999538301E-02 -0.738505858148E-02 -0.282875616493E-02 -0.930250529920E-03  0.202452844163E-02 -0.645989975416E-03
  0.248156176851E-03  0.207726186137E-02  0.153927184512E-02 -0.439198299589E-03 -0.645989975416E-03  0.270053892428E-03
