  0.783213591506E-17  0.295701027975E-01 -0.296467487325E-02  0.244185214507E-02  0.318429552030E-02  0.286080620742E-02
 -0.295701027975E-01 -0.912634621946E-17  0.147770215265E-03  0.457931359384E-02  0.414334236776E-02 -0.208150859905E-02
  0.296467487325E-02 -0.147770215265E-03 -0.334055741792E-16 -0.911426618260E-02  0.443574178241E-02 -0.325109178862E-02
 -0.244185214507E-02 -0.457931359384E-02  0.911426618260E-02 -0.246726049519E-16  0.548252534653E-02 -0.550103740789E-02
 -0.318429552030E-02 -0.414334236776E-02 -0.443574178241E-02 -0.548252534653E-02  0.327289657526E-17  0.322275099648E-03
 -0.286080620742E-02  0.208150859905E-02  0.325109178862E-02  0.550103740789E-02 -0.322275099648E-03 -0.772862859399E-17
