  0.798777979419E-17  0.527957939743E-02 -0.730462762185E-02 -0.138597458964E-02 -0.604306269592E-03 -0.226041426119E-02
 -0.527957939743E-02  0.238565544076E-16  0.184155688638E-01 -0.127785659924E-01  0.242439982964E-02  0.242676366735E-03
  0.730462762185E-02 -0.184155688638E-01  0.723395697090E-16 -0.183579840377E-01  0.841849799162E-02 -0.195540390710E-02
  0.138597458964E-02  0.127785659924E-01  0.183579840377E-01  0.133046168812E-16 -0.395315347608E-02  0.120089063942E-02
  0.604306269592E-03 -0.242439982964E-02 -0.841849799162E-02  0.395315347608E-02  0.882623959764E-18 -0.151414761645E-03
  0.226041426119E-02 -0.242676366735E-03  0.195540390710E-02 -0.120089063942E-02  0.151414761645E-03  0.583877337087E-19
