  0.452054281378     -0.237535716021E-01 -0.110971246635      0.455047665631E-01 -0.132707994925E-01  0.103091593704E-01
 -0.237535716021E-01  0.266344366606     -0.751550218288E-01  0.121632291794E-02 -0.397933235928E-02  0.321169832654E-02
 -0.110971246635     -0.751550218288E-01  0.186640830381     -0.110747065831      0.214256774872E-01  0.429578948970E-03
  0.455047665631E-01  0.121632291794E-02 -0.110747065831      0.879467735550E-01 -0.201847515676E-01 -0.727480519722E-03
 -0.132707994925E-01 -0.397933235928E-02  0.214256774872E-01 -0.201847515676E-01  0.642088068686E-02 -0.584740620572E-03
  0.103091593704E-01  0.321169832654E-02  0.429578948970E-03 -0.727480519722E-03 -0.584740620572E-03  0.592867393857E-03
