 -0.410979460738E-17 -0.237997390815E-01  0.241755554406E-01  0.139957450204E-01 -0.801213261642E-02 -0.680605899832E-02
  0.237997390815E-01  0.704296661720E-17  0.486219116754E-01 -0.283241546107E-01 -0.109198358335E-01  0.483210323337E-02
 -0.241755554406E-01 -0.486219116754E-01  0.852981512528E-17 -0.132697146391E-01  0.626246849925E-02  0.112682091175E-03
 -0.139957450204E-01  0.283241546107E-01  0.132697146391E-01 -0.155476282903E-16 -0.604821583464E-02  0.109927226405E-02
  0.801213261642E-02  0.109198358335E-01 -0.626246849925E-02  0.604821583464E-02 -0.244267969184E-17 -0.727786015336E-03
  0.680605899832E-02 -0.483210323337E-02 -0.112682091175E-03 -0.109927226405E-02  0.727786015336E-03 -0.696086854403E-19
