  0.449448210116E-16  0.479263989961E-02 -0.216795357833E-01  0.130157537990E-01  0.238191913193E-02 -0.310781298850E-03
 -0.479263989961E-02  0.171318398060E-16  0.493894679615E-01 -0.998463577581E-02 -0.127715314112E-01  0.423665221615E-02
  0.216795357833E-01 -0.493894679615E-01  0.578171315091E-17 -0.324281406785E-01  0.158388800142E-01 -0.569980932935E-02
 -0.130157537990E-01  0.998463577581E-02  0.324281406785E-01 -0.110657271262E-16 -0.682937211007E-02  0.277827249276E-02
 -0.238191913193E-02  0.127715314112E-01 -0.158388800142E-01  0.682937211007E-02 -0.180981518419E-18 -0.191763439237E-03
  0.310781298850E-03 -0.423665221615E-02  0.569980932935E-02 -0.277827249276E-02  0.191763439237E-03 -0.123051273461E-17
