  0.371074502868      0.105578945302E-01 -0.894082651613E-01  0.274678683916E-01 -0.305009769598E-02  0.201090000496E-02
  0.105578945302E-01  0.363084814287     -0.196342493214      0.249585017277E-01 -0.163158146760E-02  0.147893558561E-02
 -0.894082651613E-01 -0.196342493214      0.209839319063     -0.830570260758E-01  0.173194016696E-01 -0.771256005073E-03
  0.274678683916E-01  0.249585017277E-01 -0.830570260758E-01  0.521883323398E-01 -0.129330313867E-01  0.235093026924E-03
 -0.305009769598E-02 -0.163158146760E-02  0.173194016696E-01 -0.129330313867E-01  0.364895484836E-02 -0.211551921397E-03
  0.201090000496E-02  0.147893558561E-02 -0.771256005073E-03  0.235093026924E-03 -0.211551921397E-03  0.164076593885E-03
