  0.821427311398     -0.121225978188     -0.476917572927E-02  0.198308997323E-01  0.515465424877E-02 -0.261598858992E-02
 -0.121225978188      0.114694467335     -0.238915768278E-02  0.729678189395E-03  0.467577445613E-02 -0.816996143279E-04
 -0.476917572927E-02 -0.238915768278E-02  0.597422924890E-01 -0.507040992991E-02 -0.522548350254E-02 -0.488641907767E-03
  0.198308997323E-01  0.729678189395E-03 -0.507040992991E-02  0.318333371948E-02  0.658459379183E-03 -0.257585048833E-03
  0.515465424877E-02  0.467577445613E-02 -0.522548350254E-02  0.658459379183E-03  0.862625287276E-03  0.535896233862E-04
 -0.261598858992E-02 -0.816996143279E-04 -0.488641907767E-03 -0.257585048833E-03  0.535896233862E-04  0.899697711930E-04
