  0.453019292997     -0.215251021049      0.131176050995E-01  0.137339681435E-01 -0.821839827549E-02  0.130632888379E-02
 -0.215251021049      0.437687448152     -0.691480777701E-01 -0.185488273531E-01  0.853423015452E-02  0.672071177093E-03
  0.131176050995E-01 -0.691480777701E-01  0.736559292893E-01 -0.159041737807E-01  0.248765524499E-02  0.202428902901E-03
  0.137339681435E-01 -0.185488273531E-01 -0.159041737807E-01  0.308356315460E-01 -0.112209388422E-01  0.207865109085E-02
 -0.821839827549E-02  0.853423015452E-02  0.248765524499E-02 -0.112209388422E-01  0.439495582482E-02 -0.973616486702E-03
  0.130632888379E-02  0.672071177093E-03  0.202428902901E-03  0.207865109085E-02 -0.973616486702E-03  0.406742191479E-03
