 -0.625608227761E-16  0.201964794030E-01 -0.223585423271E-01  0.154739125006E-01  0.321236708122E-02 -0.358543774588E-02
 -0.201964794030E-01 -0.762691881714E-16 -0.163455746956E-02 -0.394679593066E-02 -0.354994307669E-02  0.681593892927E-02
  0.223585423271E-01  0.163455746956E-02 -0.227348615350E-17 -0.209566735004E-02  0.201530612377E-02 -0.224131376344E-02
 -0.154739125006E-01  0.394679593066E-02  0.209566735004E-02 -0.716930025125E-17 -0.141774171610E-02  0.642698799819E-03
 -0.321236708122E-02  0.354994307669E-02 -0.201530612377E-02  0.141774171610E-02 -0.399514068112E-17 -0.395974733426E-03
  0.358543774588E-02 -0.681593892927E-02  0.224131376344E-02 -0.642698799819E-03  0.395974733426E-03 -0.802024652837E-18
