  0.373322339439E-16  0.181337900491E-01  0.237455259725E-02  0.142256352888E-02  0.292749543045E-02 -0.168502114954E-01
 -0.181337900491E-01 -0.722624658476E-17  0.351479068470E-01 -0.187827279977E-01 -0.569014410462E-02  0.143857615312E-01
 -0.237455259725E-02 -0.351479068470E-01 -0.777233832173E-17 -0.141631544113E-01  0.222462997344E-02 -0.580473190954E-02
 -0.142256352888E-02  0.187827279977E-01  0.141631544113E-01 -0.628456398952E-18 -0.159376567140E-01  0.330558950418E-02
 -0.292749543045E-02  0.569014410462E-02 -0.222462997344E-02  0.159376567140E-01 -0.602805117362E-18  0.235164132491E-02
  0.168502114954E-01 -0.143857615312E-01  0.580473190954E-02 -0.330558950418E-02 -0.235164132491E-02 -0.368169788550E-17
