 -0.833105175141E-17  0.405546173616E-02  0.155872025409E-01 -0.233533471381E-01 -0.922137812299E-02  0.955678560501E-02
 -0.405546173616E-02  0.437151341901E-17  0.448605197123E-02 -0.633962548298E-02  0.144350972653E-01 -0.702427743906E-02
 -0.155872025409E-01 -0.448605197123E-02  0.197748041572E-16  0.131760312293E-01 -0.131562513389E-01  0.824566301491E-02
  0.233533471381E-01  0.633962548298E-02 -0.131760312293E-01  0.562117118172E-16 -0.795368192582E-03 -0.114028913952E-02
  0.922137812299E-02 -0.144350972653E-01  0.131562513389E-01  0.795368192582E-03  0.924655194387E-17 -0.206622173655E-02
 -0.955678560501E-02  0.702427743906E-02 -0.824566301491E-02  0.114028913952E-02  0.206622173655E-02 -0.638704431148E-18
